args:
in_dim:	54
mov_time_win:	0
use_conv:	1
epochs:	100
patience:	3
layers:	[[32, 32], [16, 4]]
cnn_str:	(1, 1)
verbo:	2
paras:	{'epsilon': 1e-06, 'lr': 1.2, 'rho': 0.95}
init:	normal
valid:	1
result_dir:	./results/test3/result0096
opt:	adadelta
refine_val:	0
debug_dir:	./results/records/ep100_valid1_lys6-2_maxpool_refine0_bs8_dim54_cnv3_stride1_time_win0.txt
v_split:	0.2
record_dir:	./results/training_records
loss:	mape
real_test:	1
b_size:	8
save_file:	0
pool_type:	max
callback:	checkpoint
act:	relu
weight_dir:	./weights/test3/weight0096

acc
0.0203655993185
0.0157035946619
0.0159489633174
0.0176665439823
0.018034596982
0.018034596982
0.018034596982
0.018034596982
0.018034596982
0.0180345969874
0.0180345969874
0.018034596982
0.018034596982
0.0180345969874
0.018034596982
0.018034596982
0.018034596982
0.018034596982
0.018034596982
0.018034596982
0.018034596982
0.018034596982
0.018034596982
0.018034596982
0.018034596982
0.018034596982
0.018034596982
0.018034596982
0.018034596982
0.018034596982
0.018034596982
0.018034596982
0.018034596982
0.018034596982
0.018034596982
0.018034596982
0.018034596982
0.018034596982
0.018034596982
0.018034596982
0.018034596982
0.018034596982
0.018034596982
0.018034596982
0.018034596982
0.018034596982
0.018034596982
0.018034596982
0.018034596982
0.018034596982
0.018034596982
0.018034596982
0.018034596982
0.018034596982
0.018034596982
0.018034596982
0.018034596982
0.0180345969874
0.018034596982
0.018034596982
0.0180345969874
0.018034596982
0.018034596982
0.018034596982
0.018034596982
0.018034596982
0.018034596982
0.018034596982
0.0180345969874
0.018034596982
0.018034596982
0.018034596982
0.018034596982
0.018034596982
0.018034596982
0.018034596982
0.018034596982
0.018034596982
0.018034596982
0.018034596982
0.0180345969874
0.018034596982
0.018034596982
0.018034596982
0.0180345969874
0.018034596982
0.018034596982
0.018034596982
0.018034596982
0.0180345969874
0.018034596982
0.018034596982
0.0180345969874
0.018034596982
0.018034596982
0.0180345969874
0.018034596982
0.018034596982
0.018034596982
0.018034596982


loss
90.7878438954
86.8310655962
86.3200695547
86.1668466028
86.0529222251
86.0261150702
86.0244114492
86.0267452539
86.0252170874
86.0237822951
86.0238387476
86.0260290334
86.0282655533
86.0302830203
86.0278378504
86.0230291313
86.0296862783
86.0252850116
86.0258780592
86.0224905846
86.0259523866
86.0261701861
86.0242853905
86.013092845
86.0371184234
86.0303795704
86.0257848066
86.0256423005
86.0263497862
86.0232743886
86.0239223377
86.0259978578
86.0221770999
86.0221891875
86.0289693839
86.022533815
86.0212981264
86.0344616381
86.0277707846
86.0249761957
86.0269871771
86.0213868009
86.0264793296
86.0152285439
86.0459263361
86.0237455718
86.0254794277
86.0253192881
86.0225302507
86.0284434068
86.0334234002
86.024359117
86.0250976894
86.0242099231
86.0248317632
86.0265798474
86.0211269775
86.0289608278
86.0311971811
86.0255900788
86.0226342383
86.0371295525
86.0219768168
86.0266592405
86.0236303418
86.0229942604
86.0232606873
86.0316520029
86.0241117584
86.0239705729
86.0284459771
86.0244891275
86.0209459415
86.0295347051
86.0249534076
86.0254312234
86.0262653799
86.025204689
86.0247767175
86.0220149965
86.0295014993
86.0251520648
86.0249318439
86.0273899841
86.0257540232
86.0244858149
86.0287500109
86.0254996605
86.0190005105
86.0240946416
86.0338443657
86.0271774346
86.027561089
86.0256929563
86.0246729424
86.020475115
86.0293589931
86.0260153199
86.0230918419
86.0298489161


val_acc
0.0105555555556
0.00833333333333
0.00833333333333
0.0105555555556
0.0105555555556
0.0105555555556
0.0105555555556
0.0105555555556
0.0105555555556
0.0105555555556
0.0105555555556
0.0105555555556
0.0105555555556
0.0105555555556
0.0105555555556
0.0105555555556
0.0105555555556
0.0105555555556
0.0105555555556
0.0105555555556
0.0105555555556
0.0105555555556
0.0105555555556
0.0105555555556
0.0105555555556
0.0105555555556
0.0105555555556
0.0105555555556
0.0105555555556
0.0105555555556
0.0105555555556
0.0105555555556
0.0105555555556
0.0105555555556
0.0105555555556
0.0105555555556
0.0105555555556
0.0105555555556
0.0105555555556
0.0105555555556
0.0105555555556
0.0105555555556
0.0105555555556
0.0105555555556
0.0105555555556
0.0105555555556
0.0105555555556
0.0105555555556
0.0105555555556
0.0105555555556
0.0105555555556
0.0105555555556
0.0105555555556
0.0105555555556
0.0105555555556
0.0105555555556
0.0105555555556
0.0105555555556
0.0105555555556
0.0105555555556
0.0105555555556
0.0105555555556
0.0105555555556
0.0105555555556
0.0105555555556
0.0105555555556
0.0105555555556
0.0105555555556
0.0105555555556
0.0105555555556
0.0105555555556
0.0105555555556
0.0105555555556
0.0105555555556
0.0105555555556
0.0105555555556
0.0105555555556
0.0105555555556
0.0105555555556
0.0105555555556
0.0105555555556
0.0105555555556
0.0105555555556
0.0105555555556
0.0105555555556
0.0105555555556
0.0105555555556
0.0105555555556
0.0105555555556
0.0105555555556
0.0105555555556
0.0105555555556
0.0105555555556
0.0105555555556
0.0105555555556
0.0105555555556
0.0105555555556
0.0105555555556
0.0105555555556
0.0105555555556


val_loss
90.3307599894
89.5237817891
89.3642012193
89.194761556
89.0961753082
89.0880558353
89.0886226485
89.0899919722
89.0918821971
89.0885637241
89.088142412
89.0893927341
89.0885521105
89.0900826094
89.0881217363
89.0891735416
89.0874103716
89.0883733114
89.0894521501
89.0884916517
89.0872876231
89.1022363112
89.0881898329
89.0929125298
89.0907680935
89.0885771688
89.1060743544
89.0876010471
89.087498898
89.0886500719
89.088088523
89.0935287645
89.1094822862
89.0896188439
89.0876411862
89.1155265469
89.0905383131
89.0880914561
89.0876385752
89.0884076182
89.0889667087
89.0899373881
89.0879466163
89.0920959981
89.0908943685
89.0938425361
89.0878105164
89.08899214
89.0904462518
89.0898676046
89.0935813734
89.0881443278
89.0878786299
89.0891037242
89.0887026554
89.0980994161
89.0896344588
89.0876715088
89.0909542169
89.0883328078
89.0898194716
89.0891596476
89.0891533915
89.0881392246
89.0882310571
89.0895413886
89.090245836
89.0875999959
89.0883760579
89.0889806366
89.0885177104
89.0876960246
89.0897968462
89.0957063548
89.0876177809
89.096788932
89.0873348321
89.08738817
89.0875591024
89.0898371718
89.0882111104
89.094422209
89.0966469235
89.088843121
89.0965109507
89.0880452474
89.0905184937
89.0925497606
89.0899852837
89.0920842319
89.0905820041
89.0899721951
89.0873948669
89.0882189772
89.0874409654
89.0898157077
89.1061132982
89.0908420817
89.0889322069
89.0882434336

