

classifier 0
acc:
0.616071428571
0.973214285714
1.0
1.0
1.0
1.0
1.0
1.0
1.0
1.0


loss:
0.980934079204
0.157489988421
0.114898996694
0.0677074433437
0.0520051935954
0.0352171859039
0.0347521416843
0.017969085968
0.0119703852439
0.00993508699217


val_acc:
0.928571428571
1.0
1.0
1.0
1.0
1.0
1.0
1.0
1.0
1.0


val_loss:
0.203131371311
0.104988891099
0.116735148643
0.048613520073
0.035589476249
0.0256330618369
0.0273099467158
0.0132069911009
0.0103348141004
0.00817569285365



double-click    1    0
click    1    0
click    1    1
open    1    1
open    1    1

Time cost 37s