

classifier 0
acc:
0.558035714286
0.941964285714
1.0
1.0
0.941964285714
1.0
1.0
1.0
1.0
1.0


loss:
1.20423475334
0.181049465069
0.106572190566
0.0713338905147
0.162942901254
0.0324519340481
0.0243622274803
0.0188339630674
0.0156086562201
0.0125100755


val_acc:
0.75
1.0
1.0
1.0
1.0
1.0
1.0
1.0
1.0
1.0


val_loss:
0.349478793996
0.116734615394
0.0766383249845
0.0522614249161
0.0371955393681
0.0280004548175
0.0199749546924
0.0164029800466
0.0145683223382
0.0124460319057




classifier 1
acc:
1.0
1.0
1.0
1.0
1.0
1.0
1.0
1.0
1.0
1.0


loss:
0.0162129343675
2.67210329444e-06
2.64629219211e-06
2.61276444949e-06
2.56406935607e-06
2.49461900889e-06
2.40600989595e-06
2.2852035337e-06
2.13432870818e-06
1.9488619338e-06


val_acc:
1.0
1.0
1.0
1.0
1.0
1.0
1.0
1.0
1.0
1.0


val_loss:
2.67582861722e-06
2.66092719617e-06
2.63112480882e-06
2.58854999759e-06
2.52043001378e-06
2.4459240454e-06
2.34161546229e-06
2.19898954258e-06
2.03294725257e-06
1.83497409775e-06




classifier 2
acc:
0.794642857143
1.0
1.0
1.0
1.0
1.0
1.0
1.0
1.0
1.0


loss:
0.607206581959
0.0477628915438
0.0244248522712
0.0163552965969
0.0124019238033
0.00748057796487
0.00666304132236
0.00375028134191
0.0025182979381
0.00178722283869


val_acc:
1.0
1.0
1.0
1.0
1.0
1.0
1.0
1.0
1.0
1.0


val_loss:
0.05829419036
0.0292259728802
0.0190043489316
0.0123077295721
0.0087111396715
0.00594593923805
0.0062223012293
0.00271607855601
0.00194821202396
0.00136179003




classifier 3
acc:
0.821428571429
1.0
1.0
1.0
1.0
1.0
1.0
1.0
1.0
1.0


loss:
0.316619494294
0.00658633100933
0.00370410051463
0.00262942941793
0.00195622059982
0.00138528891174
0.00101598738027
0.000765704965618
0.000538577550157
0.000382432439697


val_acc:
1.0
1.0
1.0
1.0
1.0
1.0
1.0
1.0
1.0
1.0


val_loss:
0.00946007802018
0.0041913420095
0.00296082590441
0.00215811372202
0.00156507579543
0.00114944404257
0.000834139986962
0.000618383155337
0.00043299031261
0.000310467202715




classifier 4
acc:
0.825892857143
0.973214285714
1.0
1.0
1.0
1.0
1.0
1.0
1.0
1.0


loss:
0.693313551801
0.0943170557065
0.0415192991495
0.0250995228333
0.0180178893996
0.0135702164844
0.0090386451089
0.00646672949993
0.00549181324563
0.00317865683298


val_acc:
0.821428579944
1.0
1.0
1.0
1.0
1.0
1.0
1.0
1.0
1.0


val_loss:
0.235396994012
0.0416398043079
0.0270735741194
0.0207386282938
0.014841752526
0.0105021067762
0.00717667390459
0.00746888667345
0.00341673085599
0.00254779438754



double-click    1    0
the    0    0
modems    0    0
branch    0    0
to    0    1
click    1    0
internet    0    0
in    0    0
the    0    0
select    0    0
click    1    1
to    0    0
clear    0    0
the    0    0
negotiate    0    1
open    1    1
registry    0    0
editor    0    0
locate    1    0
the    0    0
open    1    1
the    0    0
internet    0    0
explorer    0    0
window    0    0

Time cost 51s