

classifier 0
acc:
0.625
0.8375
0.75


loss:
1.01047910452
0.322517958283
0.392100275308


val_acc:
0.25
0.25
0.75


val_loss:
1.09720556736
1.31166882515
0.597186398506




classifier 1
acc:
0.8125
0.95
0.975


loss:
0.49625338912
0.200689694122
0.0692142287269


val_acc:
0.9
0.9
0.9


val_loss:
0.359279286861
0.480352254212
0.45518463403




classifier 2
acc:
0.775
0.925
0.975


loss:
0.717348773405
0.285589982942
0.120550170913


val_acc:
0.75
0.75
0.35


val_loss:
0.541350275278
0.768905568123
0.763472640514




classifier 3
acc:
0.6375
0.925
0.8625


loss:
1.03078217357
0.231850126386
0.253201241605


val_acc:
0.8
0.8
0.8


val_loss:
0.536674463749
0.600722360611
0.544642448425




classifier 4
acc:
0.925
0.9625
0.9875


loss:
0.474090515077
0.124359485041
0.0744765652344


val_acc:
0.9
0.9
0.9


val_loss:
0.292945235968
0.296398535371
0.511137815192




classifier 5
acc:
0.8875
0.95
0.975


loss:
0.413036110345
0.12465646388
0.0703060190659


val_acc:
0.85
0.85
0.85


val_loss:
0.423555755615
0.457164871693
0.882423377037




classifier 6
acc:
0.6
0.775
0.9375


loss:
1.13009255528
0.455047804117
0.20276344195


val_acc:
0.75
0.75
0.75


val_loss:
0.511298137903
0.578424572945
0.59925994277




classifier 7
acc:
0.8
0.825
0.95


loss:
0.567601991398
0.322133699479
0.11646877341


val_acc:
0.9
0.9
0.9


val_loss:
0.443062028289
0.453750012442
0.392639452219




classifier 8
acc:
0.775
0.9
0.9625


loss:
0.869215431064
0.266571563482
0.117577890679


val_acc:
0.95
0.95
0.95


val_loss:
0.330119197816
0.308669745922
0.285651010275




classifier 9
acc:
0.7
0.95
0.9625


loss:
0.846019949485
0.205936313421
0.108249381371


val_acc:
0.8
0.8
0.8


val_loss:
0.57631200552
0.726866793633
0.781912684441




classifier 10
acc:
0.75
0.9
0.925


loss:
0.835482746363
0.295930510759
0.187691133469


val_acc:
0.9
0.25
0.9


val_loss:
0.337075889111
0.812080204487
0.356796611845




classifier 11
acc:
0.875
0.9125
0.975


loss:
0.852059816791
0.173874149099
0.13834049562


val_acc:
0.85
0.8
0.85


val_loss:
0.695504886284
0.56699693799
0.676778512448




classifier 12
acc:
0.7125
0.925
0.975


loss:
1.11652204273
0.236472119018
0.142145854235


val_acc:
0.85
0.85
0.7


val_loss:
0.48786251545
0.457663680613
0.583290839195




classifier 13
acc:
0.7875
0.9125
0.9625


loss:
0.775062985718
0.197418110073
0.149411343411


val_acc:
0.8
0.95
0.95


val_loss:
0.542326158285
0.189336681366
0.202310176194




classifier 14
acc:
0.9
0.925
1.0


loss:
0.648782838406
0.131771996245
0.0457257490605


val_acc:
0.85
0.85
0.85


val_loss:
0.815322583355
0.442524924874
0.626532099955




classifier 15
acc:
0.675
0.825
0.8875


loss:
0.915387711115
0.339778621681
0.290659079701


val_acc:
0.9
0.85
0.85


val_loss:
0.356564202905
0.42266895175
0.391280251741




classifier 16
acc:
0.7
0.7625
0.9375


loss:
0.787873640121
0.454020306468
0.181321465969


val_acc:
0.4
0.55
0.55


val_loss:
0.736754727364
1.00183372498
0.809931457043




classifier 17
acc:
0.675
0.8
0.95


loss:
0.963081275672
0.383963666111
0.183226330578


val_acc:
0.75
0.75
0.8


val_loss:
0.77859300673
0.68643861413
0.65016708374




classifier 18
acc:
0.8
0.9125
0.975


loss:
0.716153887287
0.264757487178
0.130000220239


val_acc:
0.9
0.9
0.9


val_loss:
0.29657715559
0.343580812216
0.288510988653




classifier 19
acc:
0.825
0.9375
0.9375


loss:
0.650499331206
0.197463149205
0.1331338041


val_acc:
0.65
0.8
0.8


val_loss:
0.577240407467
0.580899551511
1.09385032495




classifier 20
acc:
0.775
0.875
0.9375


loss:
0.791421280056
0.347594299912
0.164241018333


val_acc:
1.0
1.0
0.7


val_loss:
0.216379165649
0.288118773699
0.548946511745




classifier 21
acc:
0.85
0.9625
0.975


loss:
0.471412245929
0.173951309081
0.0792349772528


val_acc:
0.7
0.7
0.7


val_loss:
0.717383292317
1.23644127995
1.12045948729




classifier 22
acc:
0.775
0.8625
0.9875


loss:
1.14115973659
0.354242374003
0.107189035229


val_acc:
0.9
0.85
0.9


val_loss:
0.509290092811
0.485132849216
0.370907798409




classifier 23
acc:
0.65
0.8875
0.95


loss:
0.969807000458
0.288257751241
0.175022082403


val_acc:
0.95
0.95
0.95


val_loss:
0.240804044344
0.294762849808
0.276014432311




classifier 24
acc:
0.7125
0.95
0.95


loss:
0.85532720685
0.254473590106
0.169128855318


val_acc:
0.8
0.85
0.85


val_loss:
0.465170013905
0.77327504158
0.652311662585




classifier 25
acc:
0.7125
0.825
0.95


loss:
0.86447596252
0.350445599854
0.138041795045


val_acc:
0.9
0.9
0.9


val_loss:
0.42363871336
0.412529577315
0.362230890989




classifier 26
acc:
0.775
0.8125
0.9625


loss:
0.92294635959
0.446531759202
0.152942249179


val_acc:
0.75
0.75
0.75


val_loss:
0.605845153332
0.609981477261
1.09788115025




classifier 27
acc:
0.775
0.9
0.9625


loss:
0.851748283103
0.249758511782
0.113298021816


val_acc:
0.85
0.85
0.85


val_loss:
0.599381341785
0.612906331569
0.4389002949




classifier 28
acc:
0.8125
0.9125
0.925


loss:
0.581578524411
0.256155077368
0.192357720202


val_acc:
0.85
0.85
0.85


val_loss:
0.38226339817
0.426352083683
0.633141565323




classifier 29
acc:
0.7375
0.775
0.9375


loss:
0.769832614064
0.552174586058
0.185210663825


val_acc:
0.8
0.8
0.8


val_loss:
0.57150785923
0.561765539646
0.536363732815




classifier 30
acc:
0.725
0.9125
0.9625


loss:
0.848934771121
0.244273469225
0.145476303995


val_acc:
0.95
0.9
0.95


val_loss:
0.197178104147
0.436295223236
0.177243775874




classifier 31
acc:
0.6875
0.8625
0.95


loss:
0.852067604661
0.332062707841
0.166513022035


val_acc:
0.55
0.9
0.9


val_loss:
0.770675110817
0.384668192267
0.367850714922




classifier 32
acc:
0.825
0.8375
0.9625


loss:
0.509168578638
0.434613398463
0.139146902412


val_acc:
0.9
0.9
0.9


val_loss:
0.462693816423
0.486476373672
0.400773063302




classifier 33
acc:
0.85
0.9125
0.95


loss:
0.494043089869
0.228914862871
0.113477134239


val_acc:
0.85
0.85
0.85


val_loss:
0.559934303164
0.672254543751
0.569309918955




classifier 34
acc:
0.8
0.9625
0.9125


loss:
0.830700521544
0.173308163416
0.199139910191


val_acc:
0.9
0.9
0.9


val_loss:
0.28655385375
0.357195301354
0.292823761702




classifier 35
acc:
0.7125
0.9125
0.9625


loss:
0.853438574076
0.231282385718
0.117829516344


val_acc:
0.95
0.95
0.95


val_loss:
0.306128490902
0.24646178484
0.434480559826




classifier 36
acc:
0.675
0.8125
0.95


loss:
0.894663266651
0.396057360247
0.174464566447


val_acc:
0.85
0.6
0.85


val_loss:
0.496143053472
0.631039237976
0.514133064449




classifier 37
acc:
0.725
0.825
0.8625


loss:
0.868841116363
0.400944068283
0.30819984749


val_acc:
0.8
0.8
0.8


val_loss:
0.617657643557
0.73155323565
1.06398081221




classifier 38
acc:
0.8
0.8875
0.9625


loss:
0.81615533419
0.249873742834
0.135218511336


val_acc:
0.9
0.9
0.9


val_loss:
0.400148608163
0.348741608486
0.325155743212




classifier 39
acc:
0.7375
0.925
0.9375


loss:
0.879735285044
0.199108132347
0.14604190914


val_acc:
0.85
0.2
0.85


val_loss:
0.448762893677
0.978548943996
0.503646409512




classifier 40
acc:
0.8625
0.95
0.9875


loss:
0.403373179628
0.118964359828
0.0520923109725


val_acc:
0.8
0.8
0.8


val_loss:
0.912344554439
0.918744656444
1.23253438659




classifier 41
acc:
0.7125
0.825
0.9


loss:
0.807493719459
0.465002609789
0.233346744627


val_acc:
0.7
0.7
0.8


val_loss:
0.412863850594
0.427232924104
0.504557077587




classifier 42
acc:
0.7625
0.7875
0.9875


loss:
0.721468274295
0.390175120905
0.109371416643


val_acc:
0.9
0.9
0.9


val_loss:
0.333985197544
0.398194974661
0.359029227495




classifier 43
acc:
0.65
0.725
0.9875


loss:
0.967810621858
0.666720405966
0.169623664767


val_acc:
0.85
0.8
0.85


val_loss:
0.458629737794
0.516569286585
0.444853305817




classifier 44
acc:
0.6625
0.9125
0.9875


loss:
0.94404041227
0.234488174133
0.0959935232997


val_acc:
0.9
0.9
0.9


val_loss:
0.316559110582
0.259143418074
0.263356621563




classifier 45
acc:
0.825
0.8625
0.9625


loss:
0.591671822965
0.292322582938
0.13558736667


val_acc:
1.0
1.0
0.8


val_loss:
0.14827478826
0.052826243639
0.522931116819




classifier 46
acc:
0.775
0.9375
0.975


loss:
0.69015090391
0.215721608326
0.11925725583


val_acc:
0.85
0.85
0.85


val_loss:
0.468684566021
0.448941791058
0.449806654453




classifier 47
acc:
0.8125
0.9375
1.0


loss:
0.657540555089
0.143834977876
0.0572989608161


val_acc:
0.75
0.75
0.75


val_loss:
0.76609737277
1.03433834165
1.12174418718




classifier 48
acc:
0.625
0.85
0.9


loss:
0.998165461235
0.309242147207
0.277821809053


val_acc:
0.75
0.35
0.7


val_loss:
0.656574225426
0.808676695824
0.645509326458




classifier 49
acc:
0.825
0.95
0.9125


loss:
0.733156233924
0.190748172626
0.149841632228


val_acc:
0.65
0.85
0.85


val_loss:
0.66091042757
0.492172975838
0.46720481813




classifier 50
acc:
0.8125
0.875
0.975


loss:
0.574259282928
0.223285419075
0.0799097300507


val_acc:
0.85
0.85
0.85


val_loss:
0.514453172684
0.595704156905
0.741942746378




classifier 51
acc:
0.8
0.8375
0.975


loss:
0.735553164408
0.359767370671
0.113640921935


val_acc:
0.25
0.85
0.7


val_loss:
0.957559776306
0.520460420102
0.593188554049




classifier 52
acc:
0.7
0.825
0.9875


loss:
0.860957887769
0.404943868518
0.125667163357


val_acc:
0.1
0.9
0.9


val_loss:
2.16205425262
0.345234939456
0.319332948327




classifier 53
acc:
0.8125
0.9375
0.9625


loss:
0.582061985624
0.133667138126
0.0880186444148


val_acc:
0.9
0.9
0.9


val_loss:
0.415775109082
0.319698417187
0.407832634449




classifier 54
acc:
0.75
0.875
0.9625


loss:
0.709365740791
0.262587398291
0.12368734479


val_acc:
0.25
0.75
0.3


val_loss:
0.948797607422
0.77623090744
0.85161305666




classifier 55
acc:
0.7
0.875
0.95


loss:
0.884355539083
0.280575303733
0.137195897289


val_acc:
0.85
0.85
0.85


val_loss:
0.480474941432
0.394980382919
0.39885212183




classifier 56
acc:
0.6625
0.9125
0.975


loss:
0.981644471176
0.239795029163
0.118395747244


val_acc:
0.75
0.8
0.8


val_loss:
0.572130572796
0.594268026948
0.6430367589




classifier 57
acc:
0.9
0.925
0.875


loss:
0.530360219209
0.153996993788
0.202783837961


val_acc:
0.95
0.95
0.95


val_loss:
0.178970004618
0.179856839776
0.206129639782




classifier 58
acc:
0.775
0.85
0.95


loss:
0.688067916036
0.32781343013
0.207416888326


val_acc:
0.55
0.85
0.85


val_loss:
0.727963888645
0.466558551788
0.65356263686




classifier 59
acc:
0.6625
0.9125
0.9375


loss:
0.888272750378
0.21357953921
0.142254900467


val_acc:
0.8
0.8
0.8


val_loss:
0.593391096592
0.711358700693
0.513813453913




classifier 60
acc:
0.8375
0.9625
1.0


loss:
0.514972288162
0.10553060621
0.0278580640443


val_acc:
0.85
0.85
0.85


val_loss:
0.420204043388
0.604289150238
0.724634385109




classifier 61
acc:
0.7125
0.925
0.9875


loss:
1.13740416765
0.23110607639
0.119148761779


val_acc:
0.9
0.9
0.9


val_loss:
0.516522991657
0.337158957124
0.32656737864




classifier 62
acc:
0.7625
0.925
0.9375


loss:
0.794848175813
0.289488914795
0.218057880574


val_acc:
0.7
0.7
0.7


val_loss:
1.03025403023
0.757141625881
1.42708342075




classifier 63
acc:
0.7625
0.95
0.9125


loss:
0.774298332632
0.218049094453
0.196210029908


val_acc:
0.9
0.75
0.9


val_loss:
0.426292512938
0.562479782104
0.414924479648




classifier 64
acc:
0.675
0.8125
0.925


loss:
0.73156452924
0.407583998144
0.207234253548


val_acc:
0.75
0.75
0.7


val_loss:
1.16704814434
0.808526706696
0.669216477871




classifier 65
acc:
0.7125
0.9125
0.95


loss:
0.834873201326
0.255565426871
0.159149733558


val_acc:
0.9
0.9
0.9


val_loss:
0.468228805065
0.359568595886
0.408009886742




classifier 66
acc:
0.8
0.9
0.9625


loss:
0.771214585193
0.236430057976
0.133000201173


val_acc:
0.75
0.75
0.75


val_loss:
0.697211635113
0.657131671906
0.660555231571




classifier 67
acc:
0.8
0.9125
0.9625


loss:
0.934980090946
0.234740391001
0.0952112112194


val_acc:
0.95
0.95
0.95


val_loss:
0.247536098026
0.232666730881
0.231808945537




classifier 68
acc:
0.775
0.925
0.9875


loss:
0.63213871154
0.182158996537
0.105732714199


val_acc:
0.85
0.8
0.85


val_loss:
0.552332363278
0.419017875195
0.66738449987




classifier 69
acc:
0.6375
0.9375
0.925


loss:
1.28222223818
0.192220550776
0.174794285744


val_acc:
0.9
0.9
0.9


val_loss:
0.332694414258
0.378340978175
0.351406294107




classifier 70
acc:
0.675
0.8875
0.925


loss:
1.07592558861
0.255912480131
0.158913405985


val_acc:
0.7
0.7
0.7


val_loss:
0.629720020294
0.652890729904
0.708468043804




classifier 71
acc:
0.525
0.8875
0.9875


loss:
1.15821372271
0.321304835379
0.144507995248


val_acc:
0.9
0.5
0.75


val_loss:
0.435745020583
0.678499102592
0.56430632472




classifier 72
acc:
0.8125
0.925
0.975


loss:
0.718730685115
0.15694140438
0.0778644885868


val_acc:
0.9
0.9
0.9


val_loss:
0.472147534601
0.383409830928
0.400151670724




classifier 73
acc:
0.6875
0.875
0.95


loss:
1.18085500859
0.313756771199
0.149581104517


val_acc:
0.95
0.95
0.9


val_loss:
0.223077490926
0.2005726818
0.392277401686




classifier 74
acc:
0.725
0.8625
0.9375


loss:
0.711530305445
0.369357584417
0.176462451369


val_acc:
0.8
0.75
0.75


val_loss:
0.565120571852
0.826492958516
0.576705354452




classifier 75
acc:
0.7875
0.9
0.9875


loss:
0.769096095115
0.257237976789
0.0800762972794


val_acc:
0.9
0.9
0.9


val_loss:
0.372423443571
0.299692651629
0.323129674792




classifier 76
acc:
0.6125
0.8875
0.8875


loss:
1.02588741779
0.263588151336
0.227748063998


val_acc:
0.9
0.85
0.9


val_loss:
0.356582906842
0.49591281414
0.432934856415




classifier 77
acc:
0.7
0.9125
0.95


loss:
0.953709037602
0.242154657468
0.154572162032


val_acc:
0.9
0.4
0.9


val_loss:
0.440801707096
0.822304880619
0.336644089967




classifier 78
acc:
0.75
0.825
0.8875


loss:
0.695631329343
0.35985570699
0.209330440313


val_acc:
0.95
0.95
0.95


val_loss:
0.20501601696
0.186848272383
0.195438542962




classifier 79
acc:
0.7125
0.9
0.9375


loss:
0.810927662253
0.275952231139
0.176963207126


val_acc:
0.7
0.75
0.75


val_loss:
0.579377055168
0.840599989891
0.579834461212




classifier 80
acc:
0.7875
0.8125
0.9875


loss:
0.631646167859
0.366572776996
0.0994214054197


val_acc:
0.85
0.85
0.85


val_loss:
0.622482114285
0.483345773816
0.46641010046




classifier 81
acc:
0.7125
0.9125
0.975


loss:
0.75723175332
0.205506169051
0.129375538696


val_acc:
0.7
0.7
0.7


val_loss:
1.27588826828
0.694493573904
0.897754746675




classifier 82
acc:
0.725
0.8875
0.9875


loss:
0.954124346375
0.318879641593
0.118220556527


val_acc:
0.9
0.85
0.6


val_loss:
0.404081678391
0.478851532936
0.634764862061




classifier 83
acc:
0.8
0.925
0.95


loss:
0.803059320152
0.229149344005
0.125938967988


val_acc:
0.95
0.95
0.95


val_loss:
0.162417848781
0.197286541387
0.133898819238




classifier 84
acc:
0.675
0.8125
0.9375


loss:
0.766816436569
0.468594160676
0.206945167109


val_acc:
0.8
0.8
0.8


val_loss:
0.54785349369
0.599009211361
0.843556068465




classifier 85
acc:
0.7375
0.9625
0.9375


loss:
0.672901974712
0.175235179812
0.0980608934537


val_acc:
0.85
0.85
0.55


val_loss:
0.627029039711
0.627928277478
0.68261808157




classifier 86
acc:
0.6375
0.85
0.8875


loss:
0.961115059257
0.266977481917
0.237129170634


val_acc:
0.7
0.7
0.7


val_loss:
0.828293895721
0.728943538666
0.812140667439




classifier 87
acc:
0.675
0.8875
0.9


loss:
0.7942582421
0.270557970554
0.237933495361


val_acc:
0.95
0.95
0.95


val_loss:
0.437484645844
0.263226240315
0.257834691927




classifier 88
acc:
0.9125
0.95
0.975


loss:
0.496341931715
0.104695433704
0.053993108822


val_acc:
0.75
0.75
0.75


val_loss:
1.16906113625
0.702093112469
0.621643543243




classifier 89
acc:
0.7125
0.9125
0.9625


loss:
0.914410364628
0.248926838115
0.139479633793


val_acc:
0.85
0.85
0.6


val_loss:
0.412251996994
0.560712072253
0.682046866417




classifier 90
acc:
0.7875
0.8875
0.9125


loss:
0.799658101797
0.329620085284
0.179312848672


val_acc:
0.75
0.3
0.75


val_loss:
0.652177858353
0.806564962864
0.841146659851




classifier 91
acc:
0.6875
0.85
0.9375


loss:
0.854694716632
0.321558445692
0.215574236959


val_acc:
0.9
0.55
0.9


val_loss:
0.337726926804
0.66368432045
0.357113035768




classifier 92
acc:
0.75
0.9375
0.95


loss:
1.14047551518
0.216652981192
0.211613302119


val_acc:
0.75
0.35
0.8


val_loss:
0.592728900909
0.784904122353
0.622028851509




classifier 93
acc:
0.7875
0.9
0.95


loss:
0.694940544385
0.249697617628
0.129105177987


val_acc:
0.85
0.85
0.85


val_loss:
0.68474509716
0.454791927338
0.457047820091




classifier 94
acc:
0.725
0.8125
0.95


loss:
0.923805528414
0.369969760999
0.177995416522


val_acc:
0.7
0.7
0.7


val_loss:
0.78319144249
1.40513570309
1.18925145864




classifier 95
acc:
0.7625
0.95
0.95


loss:
0.718431770056
0.200814578868
0.14750996381


val_acc:
1.0
1.0
1.0


val_loss:
0.12520917058
0.0248715132475
0.0217443183064




classifier 96
acc:
0.8
0.8125
0.9375


loss:
0.749056638032
0.452706194669
0.166009902861


val_acc:
0.8
0.8
0.8


val_loss:
0.53179141283
0.956897115707
0.574808454514




classifier 97
acc:
0.6625
0.75
0.9625


loss:
0.877764643356
0.441696228087
0.154882627726


val_acc:
0.9
0.9
0.9


val_loss:
0.295381322503
0.34586660862
0.310813757777




classifier 98
acc:
0.6875
0.9125
0.9125


loss:
0.935905620456
0.216598707344
0.218827479146


val_acc:
0.9
0.9
0.9


val_loss:
0.367004223168
0.320396688581
0.395613148063




classifier 99
acc:
0.7125
0.825
0.95


loss:
0.861428677663
0.294581144862
0.154291939083


val_acc:
0.75
0.75
0.75


val_loss:
0.991293275356
0.553119397163
0.988462805748




classifier 100
acc:
0.825
0.9125
0.925


loss:
0.536583921296
0.272888314305
0.129726289026


val_acc:
0.85
0.85
0.85


val_loss:
0.760034227371
0.652305424213
0.479885208607




classifier 101
acc:
0.7375
0.8875
0.9625


loss:
0.727465859056
0.288504469022
0.148052758723


val_acc:
0.8
0.8
0.8


val_loss:
0.53917132318
1.0838242963
0.533320459723




classifier 102
acc:
0.775
0.8375
0.9875


loss:
0.77878501974
0.382792077959
0.111003819108


val_acc:
0.85
0.9
0.8


val_loss:
0.464886796474
0.325134289265
0.484859859943




classifier 103
acc:
0.675
0.8625
0.9375


loss:
0.87424212615
0.328669115901
0.202491891198


val_acc:
0.35
0.95
0.95


val_loss:
0.765615069866
0.336097729206
0.264101298153




classifier 104
acc:
0.8
0.925
0.975


loss:
0.853809004277
0.210752822459
0.142846547812


val_acc:
0.5
0.7
0.7


val_loss:
0.753610491753
0.714340591431
0.984819769859




classifier 105
acc:
0.725
0.85
0.9125


loss:
0.979829783621
0.34200693965
0.213219450414


val_acc:
0.65
0.8
0.8


val_loss:
0.710950660706
0.534256112576
0.639108328521




classifier 106
acc:
0.6875
0.7875
1.0


loss:
0.981144423038
0.419041100889
0.0906281132251


val_acc:
0.8
0.8
0.8


val_loss:
0.505336666107
0.543226121366
0.487345428765




classifier 107
acc:
0.7375
0.8625
0.8625


loss:
0.876285728067
0.300835665315
0.266471724957


val_acc:
0.7
0.7
0.5


val_loss:
0.677708959579
1.08973525763
0.682676517963




classifier 108
acc:
0.625
0.9
1.0


loss:
1.01998883113
0.312538897991
0.146508707851


val_acc:
0.95
0.95
0.9


val_loss:
0.28280539047
0.262127661705
0.361842674017




classifier 109
acc:
0.875
0.9125
0.9625


loss:
0.606804669369
0.211362459161
0.0908466954716


val_acc:
0.85
0.85
0.85


val_loss:
0.937603902444
0.650609410554
0.603134027123




classifier 110
acc:
0.7625
0.9125
0.975


loss:
0.689911871403
0.216165385954
0.126995135099


val_acc:
0.85
0.85
0.85


val_loss:
0.604371277988
0.659552658536
0.538395150006




classifier 111
acc:
0.6875
0.925
0.9625


loss:
0.812107782438
0.172352271155
0.113676930219


val_acc:
0.9
0.9
0.9


val_loss:
0.392644873261
0.465865886211
0.435445846617




classifier 112
acc:
0.85
0.875
0.975


loss:
0.416833276663
0.316567644151
0.087233529985


val_acc:
0.05
0.95
0.95


val_loss:
2.32271728516
0.205416578054
0.220216581225




classifier 113
acc:
0.775
0.9
0.95


loss:
0.683306895057
0.314735863172
0.150954991579


val_acc:
0.75
0.75
0.75


val_loss:
0.974535989761
0.758376038074
0.85660558939




classifier 114
acc:
0.6875
0.8375
0.9125


loss:
0.773860107595
0.44198538193
0.175875594094


val_acc:
0.85
0.85
0.3


val_loss:
0.582136785612
0.487398578227
1.13709490299




classifier 115
acc:
0.7125
0.8125
0.975


loss:
0.850196852919
0.37436885573
0.134606123157


val_acc:
0.15
0.55
0.8


val_loss:
1.85346989632
0.651438379288
0.476897490025




classifier 116
acc:
0.725
0.85
0.8625


loss:
1.10291631259
0.354593724757
0.246120427083


val_acc:
0.9
0.9
0.8


val_loss:
0.333692926168
0.39601809904
0.429354858398




classifier 117
acc:
0.8625
0.8875
0.9875


loss:
0.465970551537
0.288461334677
0.063414584659


val_acc:
0.9
0.9
0.9


val_loss:
0.688966905396
0.353453952074
0.332331371307




classifier 118
acc:
0.75
0.8375
0.9


loss:
0.821031192585
0.344611558318
0.191341424827


val_acc:
0.4
0.3
0.85


val_loss:
0.766533410549
0.921561360359
0.480432504416




classifier 119
acc:
0.6625
0.9125
0.975


loss:
0.86738385153
0.196032492816
0.137928210944


val_acc:
0.85
0.85
0.85


val_loss:
0.619542367011
0.467754870653
0.862819671445




classifier 120
acc:
0.775
0.8875
0.8375


loss:
0.760059288144
0.239719615877
0.282127363048


val_acc:
0.95
0.95
0.95


val_loss:
0.25455520004
0.248518005013
0.254422461987




classifier 121
acc:
0.6125
0.85
0.8375


loss:
1.03383145928
0.365710908175
0.314704051241


val_acc:
0.7
0.7
0.65


val_loss:
0.799807929993
0.830231368542
0.628211116791




classifier 122
acc:
0.725
0.875
0.975


loss:
0.852989989519
0.325514928252
0.142958080396


val_acc:
0.1
0.6
0.9


val_loss:
1.47647101879
0.619971120358
0.408125531673




classifier 123
acc:
0.825
0.95
0.9875


loss:
0.551926179929
0.134062615409
0.091251673596


val_acc:
0.85
0.85
0.85


val_loss:
0.69404723309
0.669156316668
0.897117510438




classifier 124
acc:
0.7625
0.925
0.95


loss:
0.656255071051
0.212298509525
0.138968227501


val_acc:
0.8
0.8
0.8


val_loss:
0.982739090919
1.07308979034
0.679169785976




classifier 125
acc:
0.725
0.825
0.9875


loss:
0.664233886823
0.328727023676
0.0916733086109


val_acc:
0.85
0.8
0.85


val_loss:
0.483565959334
0.43108766675
0.431679078937




classifier 126
acc:
0.8
0.925
0.9875


loss:
0.623107480351
0.196736362018
0.106501504453


val_acc:
0.85
0.85
0.85


val_loss:
0.378548201919
0.388405966759
0.5690445669




classifier 127
acc:
0.7375
0.9125
0.975


loss:
0.670141116699
0.240773539245
0.113200065866


val_acc:
0.8
0.85
0.85


val_loss:
0.550711870193
0.48741927743
0.777501506731




classifier 128
acc:
0.7625
0.95
0.95


loss:
0.870052337646
0.243836852908
0.131321804225


val_acc:
0.8
0.8
0.7


val_loss:
0.497752904892
0.764742684364
0.580171108246




classifier 129
acc:
0.6375
0.775
0.95


loss:
0.934352947026
0.428028219938
0.160785025544


val_acc:
0.85
0.85
0.85


val_loss:
0.506289254129
0.435429054499
0.43322583735




classifier 130
acc:
0.675
0.8625
0.9625


loss:
0.96147668194
0.393824701756
0.148404699564


val_acc:
0.85
0.85
0.3


val_loss:
0.658597373962
0.491503143311
0.743519186974




classifier 131
acc:
0.7375
0.9125
0.975


loss:
0.717420431972
0.254523860558
0.107975726947


val_acc:
0.65
0.65
0.65


val_loss:
2.33162102699
0.786386322975
1.5489688158




classifier 132
acc:
0.65
0.925
0.95


loss:
0.938535326719
0.221892422438
0.180950503051


val_acc:
0.85
0.85
0.85


val_loss:
0.496813859046
0.428992509842
0.462284034491




classifier 133
acc:
0.5625
0.9
0.9625


loss:
1.14319445193
0.244368527457
0.147402595729


val_acc:
0.8
0.8
0.8


val_loss:
0.807031393051
0.641672682762
0.664746427536




classifier 134
acc:
0.8
0.9375
0.925


loss:
0.676373927211
0.161868253443
0.15197258452


val_acc:
0.95
0.25
0.95


val_loss:
0.285388118029
1.03022458553
0.263897897303




classifier 135
acc:
0.7125
0.85
0.8875


loss:
0.733025982976
0.280209085532
0.245298599731


val_acc:
0.95
0.9
0.95


val_loss:
0.247267729789
0.47273927331
0.263773264736




classifier 136
acc:
0.6625
0.7625
0.8875


loss:
0.840347507596
0.443322474509
0.230264099315


val_acc:
0.9
0.9
0.9


val_loss:
0.402734149247
0.386209607124
0.411634452641




classifier 137
acc:
0.7625
0.85
0.95


loss:
0.653145202977
0.334250258654
0.149281452596


val_acc:
0.9
0.9
0.9


val_loss:
0.301219274104
0.291624605656
0.323720412701




classifier 138
acc:
0.7
0.8625
0.95


loss:
0.83317350318
0.28116607666
0.187370401062


val_acc:
0.6
0.85
0.7


val_loss:
0.59741949439
0.598743085563
0.615059679747




classifier 139
acc:
0.8375
0.9375
0.975


loss:
0.579336519167
0.152294526529
0.0766337359324


val_acc:
0.75
0.75
0.75


val_loss:
0.950189006329
0.975370180607
0.736757946014




classifier 140
acc:
0.8375
0.9
0.9875


loss:
0.517095271498
0.207105620299
0.0437558747828


val_acc:
0.8
0.8
0.8


val_loss:
0.855300045013
1.01008090973
0.626264512539




classifier 141
acc:
0.625
0.9
0.9


loss:
1.16470727473
0.283910019323
0.2246833276


val_acc:
0.85
0.85
0.8


val_loss:
0.533086496592
0.488817647099
0.457045912743




classifier 142
acc:
0.675
0.925
0.975


loss:
0.869122310774
0.297008626163
0.123365426064


val_acc:
0.75
0.75
0.75


val_loss:
0.585879927874
0.587530320883
0.605997934937




classifier 143
acc:
0.775
0.9375
0.95


loss:
0.815123556554
0.190528548881
0.127186433226


val_acc:
0.85
0.85
0.85


val_loss:
0.450803819299
0.763522970304
0.471646331251




classifier 144
acc:
0.7875
0.9375
0.975


loss:
0.677450437285
0.165992186219
0.0980904202908


val_acc:
0.75
0.8
0.8


val_loss:
0.4942730546
0.554323291779
0.712336778641




classifier 145
acc:
0.7375
0.8625
0.975


loss:
0.697985353693
0.294655365311
0.162893879879


val_acc:
0.85
0.85
0.85


val_loss:
0.576630991697
0.376725995541
0.68806434311




classifier 146
acc:
0.85
0.85
1.0


loss:
0.560505288839
0.279697448388
0.0685801282525


val_acc:
0.9
0.9
0.9


val_loss:
0.497880783305
0.367149612308
0.352957394719




classifier 147
acc:
0.775
0.9125
0.9125


loss:
0.94338606447
0.227260381728
0.186441300623


val_acc:
0.9
0.9
0.9


val_loss:
0.379983082414
0.447668112069
0.376619146764




classifier 148
acc:
0.6625
0.825
0.875


loss:
1.08177334964
0.287835871056
0.226679758728


val_acc:
0.85
0.85
0.5


val_loss:
0.483566227555
0.547560335696
0.762910795212




classifier 149
acc:
0.9
0.875
0.9875


loss:
0.450248456001
0.241794889246
0.0918354927097


val_acc:
0.9
0.7
0.9


val_loss:
0.433957401477
0.698280215263
0.48344343463




classifier 150
acc:
0.7875
0.925
0.9875


loss:
0.529600130068
0.180874159466
0.0717056717724


val_acc:
0.75
0.75
0.75


val_loss:
0.890472698212
0.718711805344
0.83469119072




classifier 151
acc:
0.675
0.7375
0.975


loss:
1.05201056004
0.379587107152
0.13066187799


val_acc:
0.75
0.75
0.75


val_loss:
0.868145704269
0.570280194283
0.586145722866




classifier 152
acc:
0.7125
0.7875
0.9875


loss:
0.858172188699
0.441842807829
0.141553010792


val_acc:
0.85
0.85
0.85


val_loss:
0.530938637257
0.419105881453
0.484263685346




classifier 153
acc:
0.8625
0.8125
0.975


loss:
0.635227833688
0.354681208171
0.094326100871


val_acc:
0.15
0.85
0.85


val_loss:
1.66590051651
0.586349772662
0.42570952177




classifier 154
acc:
0.7375
0.8
0.975


loss:
1.43246725034
0.389383684471
0.151300563663


val_acc:
0.7
0.7
0.7


val_loss:
0.973719108105
0.787389612198
1.31226472855




classifier 155
acc:
0.6875
0.9375
0.95


loss:
0.948066069186
0.23201598078
0.172442600131


val_acc:
0.8
0.8
0.8


val_loss:
0.511850297451
0.519200825691
0.493176364899




classifier 156
acc:
0.825
0.8875
0.975


loss:
0.671715603024
0.297719786223
0.150373494439


val_acc:
0.85
0.85
0.85


val_loss:
0.500274699926
0.659019977227
0.527981491387




classifier 157
acc:
0.8
0.925
1.0


loss:
0.714167307969
0.154924823157
0.0687553013675


val_acc:
0.8
0.8
0.8


val_loss:
0.813333272934
0.71599189043
0.764226615429




classifier 158
acc:
0.8
0.9375
0.975


loss:
0.674068021774
0.289576963801
0.108243748918


val_acc:
0.85
0.85
0.85


val_loss:
0.889505008329
0.44053067565
0.449223870039




classifier 159
acc:
0.575
0.8625
0.925


loss:
1.11918385923
0.332343196869
0.197919455171


val_acc:
0.85
0.85
0.85


val_loss:
0.411203420907
0.568889038637
0.41144181639




classifier 160
acc:
0.7125
0.825
0.925


loss:
0.752150422707
0.327296803147
0.160317137837


val_acc:
0.9
0.9
0.9


val_loss:
0.414389974251
0.481577415299
0.32342152968




classifier 161
acc:
0.7375
0.9375
0.9625


loss:
0.765779646114
0.225733383
0.113285226375


val_acc:
0.75
0.75
0.75


val_loss:
0.677959188819
0.941860657185
0.971741938591




classifier 162
acc:
0.7875
0.9
0.95


loss:
0.773969170277
0.225324623659
0.138033353165


val_acc:
0.9
0.95
0.95


val_loss:
0.475027114153
0.255929018743
0.222165855765




classifier 163
acc:
0.75
0.9125
0.9625


loss:
0.785826156475
0.199149384536
0.113064539153


val_acc:
0.45
0.9
0.9


val_loss:
0.721355092525
0.362279709429
0.328935143724




classifier 164
acc:
0.7
0.9125
0.9875


loss:
0.790241120872
0.235692881048
0.0942494735122


val_acc:
1.0
1.0
1.0


val_loss:
0.037060958147
0.0517543122172
0.0966186732054




classifier 165
acc:
0.775
0.9125
0.9625


loss:
0.578425805271
0.198534846911
0.120699879527


val_acc:
0.9
0.7
0.9


val_loss:
0.306915634871
0.595761299133
0.365433128178




classifier 166
acc:
0.7375
0.9125
0.9375


loss:
0.933857756853
0.25270420555
0.23988185972


val_acc:
0.75
0.7
0.7


val_loss:
0.59452060461
0.615279269218
0.769414412975




classifier 167
acc:
0.8
0.9375
0.975


loss:
0.578665091097
0.255698617361
0.108702884056


val_acc:
0.85
0.85
0.85


val_loss:
0.503931808472
0.465351209044
0.560128091276




classifier 168
acc:
0.7375
0.8375
0.975


loss:
0.781524771452
0.379387965798
0.142964402586


val_acc:
0.65
0.85
0.85


val_loss:
0.610204994678
0.50128827095
0.410837614536




classifier 169
acc:
0.8125
0.9375
0.9875


loss:
0.92634693943
0.185608370602
0.0918662415817


val_acc:
0.95
0.95
0.95


val_loss:
0.225480479002
0.259788566828
0.21917380169




classifier 170
acc:
0.7375
0.8875
0.9125


loss:
0.852942045778
0.248986016214
0.179684626777


val_acc:
0.65
0.35
0.65


val_loss:
1.39494421482
1.01598042846
0.777360236645




classifier 171
acc:
0.7375
0.9125
0.9875


loss:
0.564205405582
0.248400377296
0.0853513997048


val_acc:
0.95
0.95
0.95


val_loss:
0.252560289949
0.19630958885
0.185898169875




classifier 172
acc:
0.7
0.8125
0.975


loss:
0.834292591363
0.413451894186
0.156380715221


val_acc:
0.8
0.8
0.8


val_loss:
0.963907249086
0.682378583029
0.540191443264




classifier 173
acc:
0.775
0.7625
0.9375


loss:
0.694608881976
0.438369037956
0.152414604463


val_acc:
0.9
0.9
0.9


val_loss:
0.321448838711
0.447717718408
0.319724279642




classifier 174
acc:
0.6625
0.9
0.95


loss:
0.773202482099
0.259696032107
0.150913948007


val_acc:
0.8
0.8
0.45


val_loss:
0.597615778446
0.593378472328
0.781302195787




classifier 175
acc:
0.75
0.9
0.95


loss:
0.92304020673
0.229585503414
0.107440455258


val_acc:
1.0
1.0
1.0


val_loss:
0.0223335821182
0.0153101541102
0.113826973736




classifier 176
acc:
0.85
0.925
1.0


loss:
0.510267819487
0.181592715532
0.108794089314


val_acc:
0.85
0.2
0.85


val_loss:
0.514551854134
0.955176734924
0.731274795532




classifier 177
acc:
0.7625
0.8
0.9625


loss:
0.945832391083
0.364803235047
0.142899676599


val_acc:
0.8
0.8
0.8


val_loss:
0.495347976685
0.546564823389
0.559689247608




classifier 178
acc:
0.7875
0.9
0.8375


loss:
0.739256825671
0.305681198835
0.335639709421


val_acc:
0.8
0.8
0.8


val_loss:
0.598993051052
0.597826123238
1.13811602592




classifier 179
acc:
0.725
0.9
0.825


loss:
0.771835587174
0.221234200895
0.331874672323


val_acc:
0.8
0.8
0.8


val_loss:
0.589014720917
0.62178016901
0.677933394909




classifier 180
acc:
0.725
0.9125
0.975


loss:
0.78549348563
0.231375322491
0.159597847192


val_acc:
0.65
0.3
0.95


val_loss:
0.591234207153
0.832311820984
0.198481694609




classifier 181
acc:
0.875
0.8625
0.9875


loss:
0.656510508806
0.256768976524
0.0643188793212


val_acc:
0.7
0.7
0.7


val_loss:
0.805794262886
0.821136915684
1.13893065453




classifier 182
acc:
0.6125
0.8625
0.9375


loss:
0.922508614603
0.336817256361
0.185723493993


val_acc:
1.0
1.0
1.0


val_loss:
0.0106873469427
0.139351767302
0.158991137147




classifier 183
acc:
0.8625
0.95
0.9625


loss:
0.734956901893
0.178590118699
0.130936799943


val_acc:
0.8
0.8
0.8


val_loss:
0.552249145508
0.97066475153
0.872649848461




classifier 184
acc:
0.7375
0.775
0.95


loss:
0.817426748238
0.340443449467
0.163795530796


val_acc:
0.25
0.9
0.9


val_loss:
1.0941078186
0.357594811916
0.34278768599




classifier 185
acc:
0.8625
0.8125
0.975


loss:
0.597169126326
0.349892100692
0.0926806459203


val_acc:
0.85
0.85
0.75


val_loss:
0.467522108555
0.486197304726
0.604880583286




classifier 186
acc:
0.7375
0.8125
0.975


loss:
0.680504323915
0.319083689991
0.0855094414204


val_acc:
0.8
0.8
0.8


val_loss:
0.932937706076
0.872445202246
0.808785763942




classifier 187
acc:
0.6875
0.825
0.8875


loss:
0.8632515545
0.431649306417
0.241602879763


val_acc:
0.9
0.9
0.9


val_loss:
0.370452845097
0.410722571611
0.401705345511




classifier 188
acc:
0.75
0.8625
0.975


loss:
0.800252136588
0.254574351944
0.105190983601


val_acc:
0.9
0.45
0.9


val_loss:
0.403553634882
0.693877613544
0.394405671954




classifier 189
acc:
0.75
0.9375
0.975


loss:
0.723423589859
0.201385872811
0.0980546919629


val_acc:
0.75
0.65
0.75


val_loss:
0.587414598465
0.60886156559
0.729648578167




classifier 190
acc:
0.8125
0.7875
0.975


loss:
0.690729862475
0.347757843509
0.125590186566


val_acc:
0.1
0.9
0.9


val_loss:
1.03347774744
0.361062628031
0.42366989255




classifier 191
acc:
0.825
0.8
0.9375


loss:
0.548907549027
0.468148766179
0.153153382987


val_acc:
0.8
0.8
0.4


val_loss:
0.818531250954
0.765060687065
0.867585134506




classifier 192
acc:
0.7
0.8125
0.95


loss:
0.959602609277
0.351489276439
0.185841241479


val_acc:
0.85
0.85
0.85


val_loss:
0.391164046526
0.395510300994
0.383907103539




classifier 193
acc:
0.625
0.8375
0.975


loss:
0.742234313558
0.322775618732
0.122907568887


val_acc:
1.0
1.0
1.0


val_loss:
0.047069004178
0.166135063767
0.374543142319




classifier 194
acc:
0.7375
0.85
0.875


loss:
0.839767101407
0.319339799881
0.210320951045


val_acc:
0.8
0.8
0.8


val_loss:
0.888179755211
0.634220266342
0.540609574318




classifier 195
acc:
0.7375
0.9375
0.9375


loss:
0.78362484239
0.206700906157
0.168108520657


val_acc:
0.85
0.85
0.55


val_loss:
0.49570248127
0.469605663419
0.728912377357




classifier 196
acc:
0.6
0.8
0.85


loss:
1.08570104931
0.359798690677
0.345247475989


val_acc:
0.85
0.85
0.85


val_loss:
0.465678155422
0.441270720959
0.409483599663




classifier 197
acc:
0.75
0.9
0.9875


loss:
0.869704625756
0.258192900941
0.0959925761446


val_acc:
0.95
0.95
0.95


val_loss:
0.255664014071
0.321722519398
0.197422744334




classifier 198
acc:
0.725
0.9375
0.9125


loss:
0.60694504045
0.199424990639
0.230763303116


val_acc:
0.9
0.9
0.9


val_loss:
0.457913816907
0.316117836535
0.407712395862




classifier 199
acc:
0.5625
0.8375
0.925


loss:
0.90505219996
0.379059762508
0.238422639668


val_acc:
0.9
0.9
0.9


val_loss:
0.333650976419
0.311952352524
0.317709432542




classifier 200
acc:
0.6625
0.875
0.975


loss:
0.981967200898
0.339833392203
0.155807936937


val_acc:
0.8
0.8
0.8


val_loss:
0.649095714092
0.651412713528
0.734482991695




classifier 201
acc:
0.7625
0.95
0.975


loss:
0.864188170433
0.134957802296
0.0920861427672


val_acc:
0.9
0.9
0.9


val_loss:
0.371479611099
0.358212912083
0.397578769922




classifier 202
acc:
0.7125
0.9
0.975


loss:
0.863766780496
0.232845799625
0.154134532064


val_acc:
0.8
0.8
0.8


val_loss:
0.656379520893
0.587460291386
0.747797846794




classifier 203
acc:
0.625
0.875
0.925


loss:
1.14783576131
0.277734881639
0.21469290331


val_acc:
0.7
0.3
0.55


val_loss:
0.68381601572
0.895124793053
0.721342813969




classifier 204
acc:
0.7125
0.875
0.975


loss:
0.739282058552
0.244955716841
0.118820555136


val_acc:
0.95
0.95
0.95


val_loss:
0.188854256272
0.250809425116
0.178125753999




classifier 205
acc:
0.775
0.8625
0.95


loss:
0.838253872469
0.248617646098
0.164645290375


val_acc:
0.8
0.8
0.8


val_loss:
0.500707700849
0.596857731044
0.696608354896




classifier 206
acc:
0.775
0.8875
0.9375


loss:
0.999128754437
0.262168793287
0.164070041478


val_acc:
0.8
0.8
0.8


val_loss:
0.705496516079
0.506553384662
0.476324570179




classifier 207
acc:
0.75
0.95
0.9625


loss:
1.05082855672
0.174373356998
0.134932608902


val_acc:
0.85
0.85
0.6


val_loss:
0.494993548095
0.505267617106
0.645353400707




classifier 208
acc:
0.75
0.875
1.0


loss:
0.822383139282
0.215582617372
0.0926507437602


val_acc:
0.35
0.9
0.9


val_loss:
0.87448580265
0.352754153311
0.426780288666




classifier 209
acc:
0.6125
0.85
0.95


loss:
0.90409989357
0.318390132487
0.197694288194


val_acc:
0.7
0.65
0.7


val_loss:
0.957680606842
0.664763367176
0.831255602837




classifier 210
acc:
0.8125
0.975
0.9


loss:
0.561499576271
0.101624647947
0.173443479277


val_acc:
0.65
0.65
0.65


val_loss:
0.946302366257
1.09926595688
1.39606938362




classifier 211
acc:
0.725
0.925
0.9375


loss:
0.70581202805
0.234226449952
0.161297078431


val_acc:
0.8
0.8
0.8


val_loss:
0.483001303673
0.561879861355
0.561985993385




classifier 212
acc:
0.775
0.875
0.95


loss:
0.652105674706
0.251055605523
0.125642023794


val_acc:
0.9
0.9
0.9


val_loss:
0.49257456027
0.468436539173
0.479660490155




classifier 213
acc:
0.8
0.9
0.9625


loss:
0.64723630941
0.338849724084
0.146355295181


val_acc:
0.7
0.8
0.8


val_loss:
0.590789836645
0.514398953319
0.726826209202




classifier 214
acc:
0.75
0.825
0.95


loss:
0.578753724368
0.388075945899
0.120132607594


val_acc:
0.9
0.9
0.9


val_loss:
0.351283014566
0.307604765892
0.32540577352




classifier 215
acc:
0.7375
0.8625
0.975


loss:
0.873851619661
0.273894881457
0.133720033988


val_acc:
0.8
0.75
0.7


val_loss:
0.530012285709
0.468639409542
0.475354397297




classifier 216
acc:
0.775
0.9375
1.0


loss:
0.799038229883
0.156617414951
0.0781745432876


val_acc:
0.85
0.85
0.9


val_loss:
0.43401812315
0.592974066734
0.462424731255




classifier 217
acc:
0.7625
0.9125
0.975


loss:
0.791148008517
0.242451648042
0.164042398706


val_acc:
0.85
0.85
0.85


val_loss:
0.49886610508
0.498355948925
0.56702991724




classifier 218
acc:
0.7125
0.95
0.9125


loss:
0.966428247094
0.183848463558
0.169914856926


val_acc:
0.85
0.85
0.7


val_loss:
0.426101261377
0.412767547369
0.570128232241




classifier 219
acc:
0.8375
0.95
0.9625


loss:
0.706134418026
0.143067109073
0.077658781223


val_acc:
0.6
0.6
0.6


val_loss:
1.49648640156
1.65363861322
0.920990550518




classifier 220
acc:
0.6875
0.9125
0.9375


loss:
0.889200596139
0.216493406892
0.145122124255


val_acc:
0.9
0.55
0.9


val_loss:
0.294588655233
0.674525976181
0.40202845335




classifier 221
acc:
0.8
0.875
0.95


loss:
0.763216017373
0.3333018139
0.138662965037


val_acc:
0.9
0.2
0.9


val_loss:
0.545373451523
0.956672799587
0.335859437287




classifier 222
acc:
0.75
0.8875
0.975


loss:
0.930439425091
0.207312968932
0.104312488995


val_acc:
1.0
1.0
1.0


val_loss:
0.258738312125
0.112724725902
0.064682932198




classifier 223
acc:
0.75
0.8875
0.9375


loss:
0.890140018612
0.2462369157
0.174278182816


val_acc:
0.9
0.9
0.9


val_loss:
0.365012329072
0.357846401259
0.369560646266




classifier 224
acc:
0.7625
0.9125
0.975


loss:
0.936032599211
0.250869239494
0.113555344567


val_acc:
0.8
0.8
0.8


val_loss:
0.513570678234
0.598327863216
0.559328222275




classifier 225
acc:
0.7625
0.7625
0.975


loss:
0.773360453174
0.429318030179
0.118515181169


val_acc:
0.65
0.85
0.9


val_loss:
0.62094694376
0.476517754793
0.369927024841




classifier 226
acc:
0.85
0.9375
0.975


loss:
0.622582318261
0.202513611689
0.0854240996763


val_acc:
0.8
0.8
0.8


val_loss:
0.558289399743
0.779953535646
0.799783429503




classifier 227
acc:
0.775
0.9
0.95


loss:
0.731978761661
0.242711671814
0.166626617312


val_acc:
0.3
0.75
0.75


val_loss:
0.962281668186
0.756475625187
0.928066740185




classifier 228
acc:
0.8125
0.9625
1.0


loss:
0.722070386505
0.139171020407
0.0879031540826


val_acc:
0.7
0.7
0.7


val_loss:
1.1951666832
0.630044746399
1.05779116154




classifier 229
acc:
0.6625
0.95
0.95


loss:
0.982242891542
0.215095824189
0.15431782268


val_acc:
0.7
0.7
0.7


val_loss:
0.726002693176
0.972928237915
1.19261463881




classifier 230
acc:
0.8125
0.95
0.9875


loss:
0.681321465864
0.106905262452
0.043860084936


val_acc:
0.85
0.85
0.8


val_loss:
0.776683227159
0.510948225856
0.51681586802




classifier 231
acc:
0.6875
0.8375
0.975


loss:
0.897208092175
0.365994677693
0.142071600258


val_acc:
0.35
0.75
0.8


val_loss:
0.837585902214
0.558067703247
0.63564581573




classifier 232
acc:
0.8125
0.925
0.9875


loss:
0.715935579085
0.189282569103
0.0708100790158


val_acc:
0.8
0.8
0.8


val_loss:
0.840830726177
0.797466745228
0.68830973804




classifier 233
acc:
0.7125
0.825
0.925


loss:
0.904538734257
0.361627357453
0.19382338319


val_acc:
0.75
1.0
1.0


val_loss:
0.615667724609
0.313553321362
0.217310085893




classifier 234
acc:
0.8125
0.8875
1.0


loss:
0.617699220031
0.22139117308
0.0538306976669


val_acc:
0.85
0.85
0.85


val_loss:
0.794758472778
0.473152988404
0.454947509617




classifier 235
acc:
0.8
0.9375
0.925


loss:
0.799604259431
0.17124498263
0.181979456125


val_acc:
0.8
0.8
0.8


val_loss:
0.630219571292
0.731320137531
0.599919748306




classifier 236
acc:
0.775
0.9125
0.9375


loss:
0.866665385291
0.160775048099
0.177131597325


val_acc:
0.85
0.85
0.85


val_loss:
0.559453384578
0.502845433354
0.534891472757




classifier 237
acc:
0.75
0.9
0.825


loss:
0.795142192394
0.217753347754
0.268412004597


val_acc:
0.95
0.95
0.95


val_loss:
0.273638099432
0.259242652357
0.282313294709




classifier 238
acc:
0.7625
0.9375
0.95


loss:
0.84573635757
0.144022762217
0.113866346795


val_acc:
0.75
0.75
0.75


val_loss:
0.949423658848
1.06518092155
0.653136074543




classifier 239
acc:
0.6875
0.8875
0.9125


loss:
0.966534996778
0.220301346853
0.188166412152


val_acc:
0.85
0.85
0.85


val_loss:
0.430266863108
0.43796800673
0.726565983146




classifier 240
acc:
0.7125
0.8625
0.95


loss:
0.812831808627
0.335674806312
0.162510123663


val_acc:
0.95
0.95
0.95


val_loss:
0.209935107827
0.201802220941
0.19483538121




classifier 241
acc:
0.725
0.85
0.9375


loss:
1.18528221212
0.353727654368
0.19205795899


val_acc:
0.8
0.8
0.8


val_loss:
0.642718827724
1.16474459171
0.46711653471




classifier 242
acc:
0.7625
0.9
0.9875


loss:
0.855418010091
0.202518340945
0.0991393482313


val_acc:
0.8
0.8
0.8


val_loss:
0.610532140732
0.738087356091
0.82490298748




classifier 243
acc:
0.6625
0.925
0.925


loss:
0.796722009778
0.24484298341
0.251586733852


val_acc:
0.85
0.85
0.4


val_loss:
0.447661751509
0.418918505311
0.783776688576




classifier 244
acc:
0.725
0.8625
0.9625


loss:
0.813537032157
0.372441793978
0.221093032509


val_acc:
1.0
0.65
0.7


val_loss:
0.109655760229
0.633673977852
0.632653701305




classifier 245
acc:
0.6875
0.85
0.975


loss:
1.08141309321
0.333670702577
0.122842612863


val_acc:
0.75
0.9
0.85


val_loss:
0.548130476475
0.337125390768
0.455090773106




classifier 246
acc:
0.75
0.925
0.9375


loss:
0.824174337601
0.286864014715
0.164688091632


val_acc:
0.5
0.75
0.65


val_loss:
0.699939894676
0.551533377171
0.622847414017




classifier 247
acc:
0.7125
0.8625
0.9125


loss:
0.948438566923
0.279115886241
0.250870973989


val_acc:
0.9
0.45
0.9


val_loss:
0.472778878361
0.783929395676
0.378918159008




classifier 248
acc:
0.6375
0.875
0.9625


loss:
0.998380769789
0.306133566797
0.13715464361


val_acc:
0.85
0.85
0.85


val_loss:
0.532761490345
0.531960129738
0.669652700424




classifier 249
acc:
0.625
0.85
0.825


loss:
1.03885701895
0.368770767748
0.30315477238


val_acc:
0.9
0.9
0.85


val_loss:
0.37955584228
0.381555312872
0.51073345542




classifier 250
acc:
0.8
0.9
1.0


loss:
0.777290557697
0.305287279934
0.0964497350156


val_acc:
0.95
0.95
0.95


val_loss:
0.247355514765
0.243800282106
0.245178216323




classifier 251
acc:
0.7875
0.7125
0.9875


loss:
0.704910680652
0.577606552234
0.109303646907


val_acc:
0.8
0.8
0.8


val_loss:
0.895292007923
0.657546889782
0.605219841003




classifier 252
acc:
0.6875
0.9375
0.9375


loss:
0.882275722362
0.2165771164
0.156054283306


val_acc:
0.65
0.65
0.65


val_loss:
0.758086538315
1.46067619324
0.790576195717




classifier 253
acc:
0.7375
0.9
0.975


loss:
0.956163634732
0.284881329536
0.112466895208


val_acc:
0.9
0.9
0.9


val_loss:
0.350168997049
0.294711685181
0.357840970159




classifier 254
acc:
0.725
0.8875
0.975


loss:
0.74903704226
0.308650886267
0.139147166535


val_acc:
0.8
0.75
0.8


val_loss:
0.544152998924
0.59414960146
0.626086485386




classifier 255
acc:
0.7875
0.8875
0.9625


loss:
0.579613785632
0.385629068315
0.134012659546


val_acc:
0.9
0.9
0.9


val_loss:
0.496280672587
0.442414662987
0.406338104606




classifier 256
acc:
0.7125
0.9375
0.9625


loss:
0.762402908411
0.227133297175
0.15541509334


val_acc:
0.6
0.6
0.6


val_loss:
0.925967097282
1.33461165428
1.40389659405




classifier 257
acc:
0.6875
0.9
0.9625


loss:
1.05257896576
0.272808254883
0.12675267309


val_acc:
0.75
0.75
0.75


val_loss:
0.848266303539
0.592794394493
0.856609809399




classifier 258
acc:
0.675
0.85
0.925


loss:
0.978359869868
0.352054535225
0.181110601127


val_acc:
0.95
0.25
0.95


val_loss:
0.312228560448
0.90991461277
0.274708461761




classifier 259
acc:
0.7
0.925
0.9625


loss:
0.878546137083
0.213847373985
0.0936279695481


val_acc:
0.8
0.8
0.8


val_loss:
1.0968213628
0.677344089746
0.701257486641




classifier 260
acc:
0.8
0.925
0.9125


loss:
0.819052113459
0.216054677218
0.172820050642


val_acc:
0.9
0.9
0.9


val_loss:
0.400516006351
0.442318128794
0.545208011009




classifier 261
acc:
0.7875
0.925
0.9125


loss:
0.745889751241
0.302016731724
0.180151762674


val_acc:
0.55
0.8
0.8


val_loss:
0.760954940319
0.799451993778
0.635052791238




classifier 262
acc:
0.7625
0.9
0.975


loss:
0.968387540802
0.21534525156
0.10574976746


val_acc:
0.95
0.95
0.95


val_loss:
0.193241323903
0.196176307648
0.175081249326




classifier 263
acc:
0.7375
0.8625
0.9625


loss:
0.679354051675
0.324239864573
0.152817189693


val_acc:
0.7
0.7
0.7


val_loss:
1.51647415161
0.980584061146
0.960979735851




classifier 264
acc:
0.8
0.925
0.9625


loss:
0.697666958906
0.275733859837
0.142003543675


val_acc:
0.85
0.85
0.85


val_loss:
0.400055584311
0.524342975765
0.451687760651




classifier 265
acc:
0.6625
0.9125
0.9125


loss:
0.959199572355
0.21358057484
0.174297593534


val_acc:
0.7
0.7
0.7


val_loss:
1.01952941269
0.747835290432
1.24047460854




classifier 266
acc:
0.7375
0.925
0.9125


loss:
0.831862638518
0.243551839143
0.266973890364


val_acc:
0.8
0.8
0.8


val_loss:
0.570628255606
0.735688814521
0.712576290965




classifier 267
acc:
0.75
0.9375
1.0


loss:
0.626108469069
0.198292179219
0.0742238636129


val_acc:
0.9
0.7
0.9


val_loss:
0.377213644981
0.569771718979
0.391280025244




classifier 268
acc:
0.8125
0.95
0.925


loss:
0.580579154374
0.139331140276
0.143555662641


val_acc:
0.8
0.8
0.8


val_loss:
0.874475516565
0.864812703617
0.878008500859




classifier 269
acc:
0.75
0.9375
0.925


loss:
0.608311622962
0.269058882445
0.182845564


val_acc:
0.8
0.8
0.8


val_loss:
0.916843140125
0.778112399578
0.58257983923




classifier 270
acc:
0.7875
0.8
0.9875


loss:
0.692925415537
0.423721935228
0.0913658231497


val_acc:
0.8
0.8
0.8


val_loss:
0.531586945057
0.621109042317
0.568006788194




classifier 271
acc:
0.6625
0.85
0.9375


loss:
0.817997303605
0.335835324228
0.211572744697


val_acc:
0.25
0.3
0.85


val_loss:
0.872116112709
0.866881108284
0.419573569298




classifier 272
acc:
0.675
0.8875
0.9125


loss:
0.87251656726
0.277308142185
0.216297979653


val_acc:
1.0
0.9
0.25


val_loss:
0.0609202235937
0.426002931595
0.905180895329




classifier 273
acc:
0.7125
0.85
0.9


loss:
0.69243690595
0.389443481714
0.280500018224


val_acc:
0.75
0.9
0.1


val_loss:
0.633892512321
0.454236361384
1.03170917034




classifier 274
acc:
0.725
0.9125
0.8625


loss:
0.798274495266
0.223485972732
0.235923710465


val_acc:
0.85
0.85
0.85


val_loss:
0.371792334318
0.593653551489
0.432413221896




classifier 275
acc:
0.7875
0.8
0.925


loss:
0.801123514771
0.361960946769
0.151420225948


val_acc:
0.9
0.9
0.9


val_loss:
0.47605871968
0.337344002724
0.368364334106




classifier 276
acc:
0.75
0.8
0.9625


loss:
0.71082890518
0.449120165408
0.139341158047


val_acc:
0.4
0.65
0.65


val_loss:
0.777348542213
1.01582973003
1.371545434




classifier 277
acc:
0.775
0.925
0.9875


loss:
0.783840224147
0.15335841924
0.0787839930505


val_acc:
0.9
0.9
0.9


val_loss:
0.390444703028
0.281226694584
0.267726898193




classifier 278
acc:
0.825
0.925
0.875


loss:
0.707679641503
0.24868932981
0.198117294186


val_acc:
0.95
0.95
0.95


val_loss:
0.212347606942
0.197766952589
0.247054957692




classifier 279
acc:
0.75
0.8625
0.9625


loss:
0.767941878736
0.303633505013
0.137841695454


val_acc:
0.4
0.85
0.85


val_loss:
0.766740572453
0.588606288284
0.697065611556




classifier 280
acc:
0.8
0.9375
0.975


loss:
0.810705027729
0.162583127618
0.108258261438


val_acc:
0.75
0.75
0.75


val_loss:
0.557180929184
0.684605073929
0.884822154045




classifier 281
acc:
0.825
0.95
0.95


loss:
0.514817976952
0.116967837932
0.124901088024


val_acc:
0.95
0.2
0.95


val_loss:
0.194619999826
1.00358352661
0.208915608749




classifier 282
acc:
0.825
0.95
0.9625


loss:
0.864416269492
0.184172836319
0.118032203428


val_acc:
0.75
0.8
0.8


val_loss:
0.57880307436
0.901485179644
0.823235791735




classifier 283
acc:
0.725
0.825
0.9375


loss:
0.755200491892
0.386652063951
0.140353730321


val_acc:
0.8
0.8
0.8


val_loss:
0.514456993341
0.587824422121
0.577666887641




classifier 284
acc:
0.7375
0.85
1.0


loss:
0.806154988334
0.341472166032
0.113268070295


val_acc:
0.85
0.65
0.85


val_loss:
0.446708931029
0.609555137157
0.474578541517




classifier 285
acc:
0.6875
0.8875
0.9625


loss:
0.839675072581
0.203921948746
0.105422300659


val_acc:
0.85
0.85
0.15


val_loss:
0.551052913442
0.585413482413
1.10796346664




classifier 286
acc:
0.7375
0.9375
0.9375


loss:
0.747561591864
0.218066231534
0.15755398646


val_acc:
0.9
0.9
0.9


val_loss:
0.382573546469
0.339813038707
0.298201709986




classifier 287
acc:
0.8375
0.9375
0.975


loss:
0.604430353944
0.166583508439
0.0846009432338


val_acc:
0.75
0.75
0.85


val_loss:
1.21755617
0.535232996941
0.533177876472




classifier 288
acc:
0.7375
0.9
0.9


loss:
0.86177559793
0.294438120234
0.218041226268


val_acc:
0.9
0.05
0.9


val_loss:
0.500716304779
2.01226716042
0.447528958321




classifier 289
acc:
0.6375
0.7625
0.925


loss:
1.01300910115
0.428697122633
0.193192447349


val_acc:
0.8
0.8
0.8


val_loss:
0.55085183382
0.697831578553
0.650498396158




classifier 290
acc:
0.7625
0.85
0.9625


loss:
0.707187360688
0.270567629859
0.215068381093


val_acc:
0.8
0.8
0.8


val_loss:
0.574182581902
0.594841083884
0.578452315927




classifier 291
acc:
0.8125
0.9625
0.975


loss:
0.732871038374
0.141823689919
0.095377517771


val_acc:
0.8
0.8
0.8


val_loss:
0.562635397911
0.81111869812
0.804861712456




classifier 292
acc:
0.6875
0.825
0.975


loss:
0.806517296284
0.378021584451
0.150872512534


val_acc:
1.0
1.0
1.0


val_loss:
0.0770016700029
0.0377964757383
0.140526664257




classifier 293
acc:
0.7125
0.95
0.95


loss:
0.718487778306
0.251101241447
0.138486530818


val_acc:
0.9
0.9
0.9


val_loss:
0.355642575026
0.515627549589
0.400627577305




classifier 294
acc:
0.6375
0.8625
0.925


loss:
0.988310864568
0.310623184964
0.212961118016


val_acc:
0.85
0.85
0.85


val_loss:
0.52457537055
0.393053972721
0.479339142144




classifier 295
acc:
0.6875
0.8
0.9375


loss:
1.21144672185
0.407984522544
0.174423913658


val_acc:
0.2
0.85
0.85


val_loss:
1.03342232704
0.443919479847
0.464353631437




classifier 296
acc:
0.8
0.9625
0.9875


loss:
0.876375480741
0.148335390911
0.0638468380086


val_acc:
0.8
0.8
0.8


val_loss:
0.59685703814
0.730470750853
0.604039202631




classifier 297
acc:
0.775
0.85
0.95


loss:
0.745090995543
0.362120291172
0.132945442945


val_acc:
0.9
0.9
0.1


val_loss:
0.471121628024
0.338802047074
1.45315625668




classifier 298
acc:
0.6875
0.875
0.875


loss:
0.780331768095
0.277950124815
0.231423825212


val_acc:
1.0
1.0
1.0


val_loss:
0.128620618582
0.0464529022574
0.0799329988658




classifier 299
acc:
0.6125
0.8625
0.9375


loss:
1.02194298189
0.334154343605
0.223761529941


val_acc:
0.95
0.4
0.95


val_loss:
0.256626784801
0.783040893078
0.243472437561




classifier 300
acc:
0.7125
0.8625
0.9375


loss:
0.936244096048
0.290206967294
0.147888422012


val_acc:
0.95
0.95
0.95


val_loss:
0.255946820974
0.234270126373
0.230680315197




classifier 301
acc:
0.625
0.7875
0.9375


loss:
1.05526117384
0.372481745481
0.197478191368


val_acc:
0.05
0.8
0.95


val_loss:
1.5631963253
0.525859487057
0.238497045636




classifier 302
acc:
0.7875
0.9
0.9625


loss:
0.619619380249
0.248122262955
0.107649373636


val_acc:
0.65
0.85
0.85


val_loss:
0.622346901894
0.498650863394
0.519047655538




classifier 303
acc:
0.675
0.9375
0.9125


loss:
0.883090343699
0.195407271385
0.202801387012


val_acc:
0.75
0.4
0.25


val_loss:
0.576929557323
0.767516756058
1.25090765953




classifier 304
acc:
0.7375
0.95
0.975


loss:
1.00012154393
0.179327071458
0.0985125355422


val_acc:
0.7
0.7
0.7


val_loss:
0.767632210255
0.75600823164
0.69088613987




classifier 305
acc:
0.825
0.925
0.975


loss:
0.634111082554
0.23484838251
0.0911016250029


val_acc:
0.9
0.85
0.9


val_loss:
0.492506935447
0.554669225216
0.401078912616




classifier 306
acc:
0.6625
0.9375
0.9875


loss:
0.983676932938
0.216432183888
0.104958328046


val_acc:
0.8
0.8
0.8


val_loss:
1.03660826683
0.504910731316
0.941067147255




classifier 307
acc:
0.6125
0.825
0.975


loss:
1.15752958842
0.414843474329
0.156349381059


val_acc:
0.8
0.8
0.8


val_loss:
0.67412025556
0.519343221188
0.728708426654




classifier 308
acc:
0.7875
0.875
0.925


loss:
1.05453606099
0.270353914797
0.214089169726


val_acc:
0.1
0.9
0.9


val_loss:
1.5985272646
0.330929192901
0.361102777719




classifier 309
acc:
0.7875
0.95
0.9875


loss:
0.693756445684
0.153028281964
0.08263279479


val_acc:
0.95
0.9
0.95


val_loss:
0.223810885102
0.447333192825
0.249129466712




classifier 310
acc:
0.6625
0.875
0.9


loss:
1.28700567186
0.269529101253
0.235162496567


val_acc:
0.8
0.8
0.55


val_loss:
0.469013106823
0.458915686607
0.772067689896




classifier 311
acc:
0.8375
0.875
0.9375


loss:
0.661892203987
0.254861923307
0.164228705992


val_acc:
0.2
0.8
0.8


val_loss:
2.09166603088
0.567184662819
0.649025738239




classifier 312
acc:
0.7125
0.8125
0.9375


loss:
0.88884152025
0.34238274321
0.167802293971


val_acc:
0.8
0.75
0.35


val_loss:
0.555915468931
0.598132312298
0.830906605721




classifier 313
acc:
0.7
0.875
0.9375


loss:
0.812725812756
0.290955223888
0.156077383459


val_acc:
0.8
0.8
0.65


val_loss:
0.51616038084
0.875184607506
0.625262570381




classifier 314
acc:
0.7875
0.9
0.9625


loss:
0.646085908427
0.216016156971
0.114778987109


val_acc:
0.85
0.85
0.85


val_loss:
0.669948640466
0.844153534994
0.459669995308




classifier 315
acc:
0.65
0.875
0.8125


loss:
0.973478338122
0.242856966518
0.302118490078


val_acc:
0.85
0.45
0.85


val_loss:
0.462248748541
0.729703307152
0.505128033459




classifier 316
acc:
0.575
0.875
0.7375


loss:
1.14419372976
0.38048956804
0.396054342389


val_acc:
0.85
0.35
0.85


val_loss:
0.481684786081
0.731589114666
0.476696157455




classifier 317
acc:
0.625
0.75
0.9875


loss:
0.98658079505
0.433735238761
0.158188972995


val_acc:
0.95
0.9
0.95


val_loss:
0.259599560499
0.3388433218
0.30967515707




classifier 318
acc:
0.6625
0.8875
0.9375


loss:
0.915775004029
0.293000112474
0.230622597784


val_acc:
0.8
0.8
0.8


val_loss:
0.553690576553
0.594555175304
0.593138289452




classifier 319
acc:
0.8125
0.9
0.9625


loss:
0.781797330102
0.244945736602
0.113042339869


val_acc:
0.95
0.95
0.6


val_loss:
0.198026442528
0.202572888881
0.696389138699




classifier 320
acc:
0.575
0.8625
0.95


loss:
1.08625548305
0.305283305421
0.142222226597


val_acc:
0.7
0.7
0.7


val_loss:
0.836510288715
0.65022636652
0.726686191559




classifier 321
acc:
0.8125
0.8875
0.875


loss:
0.699079575203
0.398063638806
0.285475483956


val_acc:
0.85
0.85
0.85


val_loss:
0.61731814146
0.563997542858
0.482617616653




classifier 322
acc:
0.7375
0.925
0.975


loss:
0.717597037554
0.204823341221
0.113401242159


val_acc:
0.95
0.95
0.95


val_loss:
0.24967796253
0.429481369257
0.192359994724




classifier 323
acc:
0.6625
0.8875
0.85


loss:
1.05284946964
0.328158327937
0.271730285138


val_acc:
0.65
0.7
0.7


val_loss:
0.646345746517
0.723946610093
0.695797556639




classifier 324
acc:
0.7625
0.8375
0.9625


loss:
0.852133404755
0.292382632755
0.13960981667


val_acc:
1.0
1.0
1.0


val_loss:
0.0913601234555
0.0424237765372
0.0405625741929




classifier 325
acc:
0.6875
0.8125
0.975


loss:
0.870373381674
0.387001912296
0.1057864815


val_acc:
0.75
0.9
0.9


val_loss:
0.558735752106
0.369408020377
0.372920691967




classifier 326
acc:
0.7
0.725
0.9125


loss:
0.858679749072
0.539773237705
0.264773530886


val_acc:
0.05
0.95
0.95


val_loss:
1.52586741447
0.206151604652
0.231190156937




classifier 327
acc:
0.7
0.85
0.9625


loss:
0.817976519652
0.279926133156
0.109399402328


val_acc:
0.9
0.9
0.8


val_loss:
0.324311293662
0.36347733438
0.461673092842




classifier 328
acc:
0.75
0.9125
0.95


loss:
0.91527941674
0.179175036401
0.173164164275


val_acc:
0.9
0.9
0.9


val_loss:
0.403419433534
0.3634326756
0.39993932955




classifier 329
acc:
0.8125
0.9125
1.0


loss:
0.617886115424
0.20418541003
0.0853037051857


val_acc:
0.7
0.7
0.7


val_loss:
1.36618790627
1.40828709602
1.13049170971




classifier 330
acc:
0.8125
0.95
0.9


loss:
0.530895652063
0.172624706477
0.159324866626


val_acc:
0.95
0.95
0.95


val_loss:
0.304334875755
0.244790701196
0.241819091886




classifier 331
acc:
0.65
0.8875
0.8625


loss:
0.803277428821
0.238023012877
0.282240070775


val_acc:
1.0
1.0
1.0


val_loss:
0.0296070575714
0.178576409817
0.18164280653




classifier 332
acc:
0.8
0.9125
0.9875


loss:
0.670380546572
0.186229224037
0.0787245299667


val_acc:
0.9
0.9
0.9


val_loss:
0.560933062993
0.390692794323
0.436696986854




classifier 333
acc:
0.8125
0.85
0.9375


loss:
0.582018954819
0.32969123926
0.135628194222


val_acc:
0.9
0.9
0.8


val_loss:
0.398418068886
0.49211002104
0.466283071041




classifier 334
acc:
0.6375
0.8875
0.975


loss:
0.980643887818
0.300334812701
0.165061958134


val_acc:
0.9
0.9
0.9


val_loss:
0.334219557047
0.326498773694
0.423134200647




classifier 335
acc:
0.8
0.775
1.0


loss:
0.881644164771
0.383315257728
0.0910530224442


val_acc:
0.75
0.75
0.75


val_loss:
1.06725150906
0.641078311205
0.72310205996




classifier 336
acc:
0.675
0.9125
0.975


loss:
1.01167072952
0.286596479639
0.15846266821


val_acc:
0.75
0.75
0.75


val_loss:
0.87891600132
0.873540592194
0.954522562027




classifier 337
acc:
0.775
0.9125
0.975


loss:
0.670679507428
0.27386720255
0.0895816793665


val_acc:
1.0
1.0
1.0


val_loss:
0.112940230966
0.179048460722
0.0249140065163




classifier 338
acc:
0.7375
0.875
0.875


loss:
0.864019778557
0.314794830233
0.235836277716


val_acc:
0.75
0.4
0.25


val_loss:
0.529885792732
0.801278305054
1.43171684742




classifier 339
acc:
0.725
0.8125
0.9625


loss:
0.71549938377
0.375680036377
0.154170374945


val_acc:
0.85
0.85
0.85


val_loss:
0.589560090005
0.496592465043
0.66302142553




classifier 340
acc:
0.775
0.9375
0.9875


loss:
0.676591956615
0.213546800241
0.099039876461


val_acc:
1.0
1.0
1.0


val_loss:
0.173220443726
0.26234561801
0.173583450913




classifier 341
acc:
0.7125
0.8625
0.9625


loss:
0.837350896938
0.307748298347
0.167725748569


val_acc:
0.65
0.55
0.65


val_loss:
1.25640542507
0.708323407173
0.771114039421




classifier 342
acc:
0.5875
0.8625
0.9625


loss:
1.1153960973
0.299768399447
0.182352340221


val_acc:
0.95
0.95
0.95


val_loss:
0.203579381108
0.259491664171
0.176572867483




classifier 343
acc:
0.7625
0.8625
0.975


loss:
0.66886339318
0.28599895658
0.0999181324616


val_acc:
0.85
0.85
0.85


val_loss:
0.651199066639
0.639074540138
0.698534941673




classifier 344
acc:
0.75
0.8125
0.9


loss:
0.87509431839
0.373982723057
0.220555438846


val_acc:
0.3
0.85
0.85


val_loss:
0.866847300529
0.491483223438
0.49445104599




classifier 345
acc:
0.7875
0.95
0.975


loss:
0.547977970261
0.142632826511
0.0835193936713


val_acc:
0.85
0.85
0.85


val_loss:
0.601862823963
0.436704045534
0.484215378761




classifier 346
acc:
0.7375
0.775
0.95


loss:
0.895081573725
0.42440623641
0.163438570313


val_acc:
0.55
0.85
0.85


val_loss:
0.756951272488
0.460138463974
0.503593480587




classifier 347
acc:
0.675
0.8625
0.9125


loss:
0.965184399486
0.410747350752
0.274589428306


val_acc:
0.55
0.6
0.75


val_loss:
0.626323544979
0.799356579781
0.772382044792




classifier 348
acc:
0.75
0.8625
0.9375


loss:
0.864325645566
0.281452786177
0.186397080868


val_acc:
0.8
0.8
0.85


val_loss:
0.569941473007
0.510191750526
0.726836442947




classifier 349
acc:
0.725
0.825
0.95


loss:
0.975882734358
0.305942335725
0.162759474851


val_acc:
0.75
0.75
0.7


val_loss:
0.833364377916
0.586611032486
0.640360605717




classifier 350
acc:
0.7125
0.9
0.8375


loss:
0.966070213914
0.315710648708
0.299408762902


val_acc:
0.9
0.9
0.9


val_loss:
0.433471339941
0.387356299907
0.337693062425




classifier 351
acc:
0.75
0.775
0.9625


loss:
0.792038024776
0.4177638188
0.149450351298


val_acc:
0.85
0.85
0.85


val_loss:
0.556876865029
0.439740556479
0.447302001715




classifier 352
acc:
0.7375
0.9125
0.9375


loss:
0.671804884449
0.29712138623
0.183843168244


val_acc:
0.65
0.9
0.1


val_loss:
0.748774838448
0.34985421598
1.44654343128




classifier 353
acc:
0.8375
0.9375
0.9625


loss:
0.839617209323
0.193964574952
0.101865134714


val_acc:
0.85
0.85
0.8


val_loss:
0.433171254396
0.615999782085
0.487372219563




classifier 354
acc:
0.775
0.875
0.9875


loss:
0.850588008761
0.342080689967
0.103940934688


val_acc:
0.8
0.8
0.8


val_loss:
0.561995625496
0.860550632328
0.867564352974




classifier 355
acc:
0.725
0.8375
0.975


loss:
0.682255113404
0.353206130909
0.143434530497


val_acc:
0.1
0.95
0.95


val_loss:
1.06680907011
0.348753589392
0.288315287232




classifier 356
acc:
0.65
0.8875
0.9625


loss:
0.812407311797
0.333848012984
0.148779110983


val_acc:
0.9
0.9
0.9


val_loss:
0.452920026705
0.362718621641
0.379084950686




classifier 357
acc:
0.7125
0.8125
0.9875


loss:
1.19191804286
0.385926235467
0.12249724213


val_acc:
0.35
0.75
0.75


val_loss:
1.02575201988
0.657887387276
0.633286452293




classifier 358
acc:
0.725
0.9125
0.9125


loss:
0.845911016781
0.251540501416
0.219805548526


val_acc:
0.95
0.95
0.6


val_loss:
0.2367708873
0.434000641108
0.666480064392




classifier 359
acc:
0.775
0.9375
0.975


loss:
0.680818173476
0.216116973013
0.133252416924


val_acc:
0.8
0.85
0.85


val_loss:
0.525327539444
0.517552018166
0.802978754044




classifier 360
acc:
0.6875
0.825
0.9875


loss:
0.970481398143
0.351276123524
0.122687822394


val_acc:
0.8
0.8
0.65


val_loss:
0.629235625267
0.600052523613
0.688722026348




classifier 361
acc:
0.65
0.8625
0.8125


loss:
0.949186530709
0.366162578762
0.300411947072


val_acc:
0.75
0.75
0.75


val_loss:
1.01545000728
0.743486613035
0.490344333649




classifier 362
acc:
0.825
0.95
0.9875


loss:
0.597987544537
0.152955275029
0.0548585284036


val_acc:
0.85
0.8
0.85


val_loss:
0.504631018639
0.377516448498
0.54819272086




classifier 363
acc:
0.625
0.9375
0.9


loss:
0.944321620464
0.220416206867
0.220040114154


val_acc:
0.65
0.65
0.65


val_loss:
0.924942910671
0.979586040974
1.19537016153




classifier 364
acc:
0.7875
0.825
0.9625


loss:
0.657638992683
0.252464418858
0.106221473031


val_acc:
0.85
0.85
0.85


val_loss:
0.427423024178
0.605522310734
0.432637274265




classifier 365
acc:
0.5875
0.85
0.8875


loss:
0.890893335268
0.348399916291
0.282837312669


val_acc:
0.95
0.85
0.95


val_loss:
0.19189934954
0.498449569941
0.205119559914




classifier 366
acc:
0.7625
0.9375
0.95


loss:
0.737840862572
0.192612759955
0.189559495449


val_acc:
0.9
0.5
0.9


val_loss:
0.305905059725
0.686396813393
0.303679957986




classifier 367
acc:
0.85
0.925
0.9625


loss:
0.416460025031
0.230879846402
0.0853595620953


val_acc:
0.85
0.85
0.85


val_loss:
0.476555415988
0.673235940933
0.478668314219




classifier 368
acc:
0.6125
0.75
0.95


loss:
1.03548703329
0.480195643008
0.208584224433


val_acc:
0.2
0.2
0.8


val_loss:
1.35531060696
1.18083572388
0.526767143607




classifier 369
acc:
0.8625
0.925
0.9625


loss:
0.671959812939
0.172976069525
0.129369530082


val_acc:
0.85
0.85
0.85


val_loss:
0.471037879586
0.490549179912
0.483678966761




classifier 370
acc:
0.85
0.9375
0.9875


loss:
0.57315342112
0.204909065459
0.0814817815088


val_acc:
0.65
0.7
0.7


val_loss:
0.613897156715
0.561129492521
1.07285739183




classifier 371
acc:
0.8125
0.925
0.9375


loss:
0.969119629491
0.194100542273
0.148212161986


val_acc:
0.9
0.9
0.9


val_loss:
0.362694582343
0.355217802525
0.374512511492




classifier 372
acc:
0.6125
0.7625
0.9


loss:
1.17253169119
0.405681322515
0.248799906671


val_acc:
0.8
0.8
0.8


val_loss:
0.578090715408
0.520939671993
0.505027365685




classifier 373
acc:
0.8
0.8875
0.9625


loss:
0.727553975582
0.281704745255
0.160553047888


val_acc:
0.95
0.95
0.95


val_loss:
0.20056668222
0.274129888508
0.213787397742




classifier 374
acc:
0.6375
0.8625
0.975


loss:
1.08429548442
0.31342562288
0.111627456918


val_acc:
0.85
0.85
0.75


val_loss:
0.434329554439
0.442136403918
0.563042521477




classifier 375
acc:
0.65
0.85
0.9375


loss:
1.10308307707
0.379347662628
0.234591771662


val_acc:
0.95
0.95
0.95


val_loss:
0.328748673201
0.202390632033
0.234666377306




classifier 376
acc:
0.6375
0.9125
0.8875


loss:
1.02649486661
0.240794761479
0.256835632026


val_acc:
0.85
0.95
0.95


val_loss:
0.446128451824
0.219938823581
0.224186119437




classifier 377
acc:
0.6125
0.7875
0.825


loss:
0.953790710215
0.439116027206
0.337640466541


val_acc:
0.8
0.8
0.8


val_loss:
0.852866530418
0.590463268757
0.919159579277




classifier 378
acc:
0.8125
0.9125
0.9875


loss:
0.653983554058
0.300893026963
0.078463655524


val_acc:
0.85
0.85
0.85


val_loss:
0.672540637106
0.550137650967
0.439891284704




classifier 379
acc:
0.7875
0.975
0.9625


loss:
0.607583552599
0.161688503623
0.108298480324


val_acc:
0.8
0.8
0.8


val_loss:
0.580401954055
0.852168494463
0.604954987764




classifier 380
acc:
0.7375
0.9125
0.9875


loss:
0.86414936264
0.163376633823
0.100642660446


val_acc:
0.75
0.75
0.75


val_loss:
0.779657709599
0.589112663269
0.695687830448




classifier 381
acc:
0.6625
0.9
0.925


loss:
0.93390185833
0.228315213323
0.187571208179


val_acc:
0.9
0.9
0.7


val_loss:
0.317018441856
0.34447876215
0.6617857337




classifier 382
acc:
0.65
0.8875
0.9375


loss:
1.06537061334
0.258418537304
0.16360367164


val_acc:
0.9
0.9
0.9


val_loss:
0.338713775575
0.356557516009
0.332075220346




classifier 383
acc:
0.65
0.925
0.975


loss:
0.951591091172
0.190555118024
0.108946518973


val_acc:
0.85
0.85
0.85


val_loss:
0.51922544241
0.522909092903
0.497932052612




classifier 384
acc:
0.825
0.9625
0.95


loss:
0.668491658359
0.148232004791
0.124995301012


val_acc:
0.8
0.8
0.8


val_loss:
0.63085078001
0.836320567131
1.20155229568




classifier 385
acc:
0.6375
0.85
0.9375


loss:
1.06393148005
0.361475542188
0.173419162445


val_acc:
0.9
0.9
0.6


val_loss:
0.334758743644
0.382097942382
0.669465947151




classifier 386
acc:
0.7875
0.9625
0.9625


loss:
0.623995565251
0.135686259996
0.122570069693


val_acc:
0.95
0.95
0.9


val_loss:
0.216812652349
0.20471296981
0.295843309164




classifier 387
acc:
0.7125
0.9125
0.9625


loss:
0.732959706086
0.234241012018
0.120612207986


val_acc:
0.85
0.85
0.85


val_loss:
0.656302523613
0.468923866749
0.662692642212




classifier 388
acc:
0.5875
0.825
0.9625


loss:
1.02965354919
0.434292448685
0.166300038248


val_acc:
0.85
0.85
0.85


val_loss:
0.473763954639
0.468554997444
0.441633683443




classifier 389
acc:
0.7375
0.85
0.95


loss:
0.772752331197
0.385234750062
0.174811075255


val_acc:
0.85
0.85
0.85


val_loss:
0.598988132179
0.529654380679
0.393830239773




classifier 390
acc:
0.6625
0.85
0.9125


loss:
0.995239388943
0.391259988397
0.217372119427


val_acc:
0.9
0.2
0.65


val_loss:
0.384583225101
1.00547641516
0.674203753471




classifier 391
acc:
0.6875
0.8875
0.95


loss:
1.0008376658
0.354802468792
0.158695147932


val_acc:
0.8
0.85
0.7


val_loss:
0.608435440063
0.357004126906
0.592941045761




classifier 392
acc:
0.8125
0.925
0.9875


loss:
0.72679137555
0.190676194988
0.0819655425847


val_acc:
0.85
0.85
0.85


val_loss:
0.521400439739
0.695511722565
0.610996437073




classifier 393
acc:
0.825
0.9125
0.975


loss:
0.331781958044
0.291333649121
0.0571240472607


val_acc:
0.85
0.85
0.85


val_loss:
0.990946555138
0.578864502907
0.512350821495




classifier 394
acc:
0.75
0.925
0.975


loss:
0.870084880292
0.274829569459
0.138936325163


val_acc:
0.85
0.85
0.85


val_loss:
0.39580822587
0.413344433904
0.389101597667




classifier 395
acc:
0.7625
0.8375
0.9375


loss:
0.943242152885
0.336836738512
0.126219408773


val_acc:
0.4
0.8
0.8


val_loss:
0.781551396847
0.829005657323
0.470642837882




classifier 396
acc:
0.575
0.9
0.9625


loss:
1.1898721121
0.244833120704
0.15820209533


val_acc:
0.75
0.75
0.75


val_loss:
0.761575376987
0.687782371044
0.666358804703




classifier 397
acc:
0.775
0.925
0.95


loss:
0.697625075653
0.226121588796
0.0966696134768


val_acc:
0.75
0.75
0.75


val_loss:
0.592735791206
0.889933490753
0.594654750824




classifier 398
acc:
0.7625
0.925
0.9875


loss:
0.714965927601
0.172365921177
0.0825616555288


val_acc:
0.8
0.75
0.2


val_loss:
0.62443870306
0.553738486767
1.58385632038




classifier 399
acc:
0.6
0.775
0.9


loss:
0.993496310711
0.482562956214
0.283437889814


val_acc:
0.95
0.95
0.95


val_loss:
0.243421196938
0.327096778154
0.203891043365




classifier 400
acc:
0.725
0.8875
0.975


loss:
0.918999803066
0.251367048919
0.0945746118203


val_acc:
0.85
0.85
0.85


val_loss:
0.385020184517
0.510925338045
0.357606500387




classifier 401
acc:
0.725
0.825
0.975


loss:
0.714861004055
0.458102596551
0.139692486078


val_acc:
0.05
0.95
0.9


val_loss:
2.06636595726
0.267242872715
0.440499854088




classifier 402
acc:
0.875
0.95
1.0


loss:
0.655540169007
0.142062550597
0.0728781361133


val_acc:
0.8
0.8
0.8


val_loss:
0.526653623581
0.661480778456
0.661935099959




classifier 403
acc:
0.7375
0.9125
0.9375


loss:
0.702161918394
0.243249120377
0.159688995592


val_acc:
0.8
0.2
0.85


val_loss:
0.553403246403
0.959060657024
0.434546351433




classifier 404
acc:
0.8375
0.875
0.975


loss:
0.637207891047
0.27690619491
0.0760306704789


val_acc:
0.85
0.85
0.85


val_loss:
0.449695773423
0.717939339578
0.676462604105




classifier 405
acc:
0.625
0.8375
0.925


loss:
0.95264087203
0.346207752451
0.243491972983


val_acc:
0.65
0.65
0.65


val_loss:
1.35737570897
0.972535806894
1.04773854315




classifier 406
acc:
0.7875
0.8625
0.925


loss:
0.651720243806
0.393901099265
0.16749611143


val_acc:
0.75
0.2
0.75


val_loss:
1.28468677998
1.36131011248
1.23214752674




classifier 407
acc:
0.6625
0.9125
0.975


loss:
0.89600410061
0.284022594616
0.13649732396


val_acc:
0.95
0.9
0.95


val_loss:
0.238164189458
0.3435995996
0.22652361691




classifier 408
acc:
0.7375
0.925
0.95


loss:
0.858746485296
0.256052684784
0.136473106593


val_acc:
0.7
0.7
0.7


val_loss:
0.698607265949
0.793929278851
1.14194312096




classifier 409
acc:
0.625
0.9125
0.9625


loss:
0.982580868062
0.21498606056
0.138064608723


val_acc:
0.8
0.8
0.8


val_loss:
0.698295010626
0.571642488241
0.662842175364




classifier 410
acc:
0.8
0.9125
0.975


loss:
0.665972249955
0.205230791867
0.138878535107


val_acc:
0.9
0.9
0.9


val_loss:
0.383909988403
0.348759862781
0.349616360664




classifier 411
acc:
0.75
0.825
0.95


loss:
1.02499894984
0.275167643372
0.135012429953


val_acc:
0.2
0.85
0.85


val_loss:
1.04871667624
0.520124733448
0.518784713745




classifier 412
acc:
0.6125
0.875
0.95


loss:
1.03918294609
0.286915055662
0.174530104548


val_acc:
1.0
0.95
0.3


val_loss:
0.0517369113863
0.237209650874
0.894662237167




classifier 413
acc:
0.7625
0.8125
0.95


loss:
0.708081310987
0.331610380486
0.155993482471


val_acc:
0.75
0.75
0.75


val_loss:
1.01790902615
1.21797924042
0.792679381371




classifier 414
acc:
0.8375
0.85
0.9875


loss:
0.585199867003
0.368851346709
0.138643268868


val_acc:
0.8
0.8
0.8


val_loss:
0.480643153191
0.458133435249
0.731747019291




classifier 415
acc:
0.825
0.95
0.975


loss:
0.573690459412
0.219649980217
0.109645366622


val_acc:
0.9
0.9
0.9


val_loss:
0.400937187299
0.268868868053
0.340841979906




classifier 416
acc:
0.7625
0.925
0.9625


loss:
0.96468616426
0.243023441359
0.107172625978


val_acc:
0.8
0.75
0.75


val_loss:
0.495559442043
0.832023227215
0.790959990025




classifier 417
acc:
0.6625
0.8875
0.95


loss:
0.801789304148
0.299882803299
0.162126389146


val_acc:
0.95
0.95
0.6


val_loss:
0.221889238805
0.287569925189
0.656208348274




classifier 418
acc:
0.7875
0.9
0.975


loss:
0.815263334438
0.272089312971
0.141962466761


val_acc:
0.9
0.9
0.9


val_loss:
0.297440499067
0.390206062794
0.39357271567




classifier 419
acc:
0.8625
0.9125
0.95


loss:
0.772704277003
0.286414950294
0.108590094617


val_acc:
0.85
0.85
0.85


val_loss:
1.08349113551
0.566496351361
0.551725184917




classifier 420
acc:
0.7625
0.925
0.9625


loss:
0.637530194595
0.241994072497
0.123463750444


val_acc:
0.65
0.65
0.65


val_loss:
2.12608065605
1.05711669922
1.27002587318




classifier 421
acc:
0.6875
0.8875
0.9375


loss:
0.940243893862
0.283629302867
0.203941844031


val_acc:
0.9
0.8
0.9


val_loss:
0.292398476601
0.446550452709
0.322045212984




classifier 422
acc:
0.875
0.8625
0.975


loss:
0.333699331305
0.286456274602
0.0558059552684


val_acc:
0.9
0.9
0.9


val_loss:
0.549963411875
0.453275719285
0.471293992177




classifier 423
acc:
0.7125
0.85
0.9375


loss:
0.879802432656
0.323558361828
0.205618528649


val_acc:
0.85
0.85
0.7


val_loss:
0.440644854307
0.401717722416
0.508838689327




classifier 424
acc:
0.7375
0.9
0.975


loss:
0.896119536459
0.285638723522
0.131403362006


val_acc:
0.85
0.9
0.85


val_loss:
0.378011602163
0.390571695566
0.38981513381




classifier 425
acc:
0.7625
0.8125
0.95


loss:
0.756090501556
0.408620482497
0.144706557039


val_acc:
0.2
0.85
0.85


val_loss:
1.09948122501
0.600589665771
0.565141379833




classifier 426
acc:
0.6375
0.8875
0.95


loss:
1.01442454159
0.280526202917
0.17575610429


val_acc:
0.9
0.2
0.85


val_loss:
0.416852192581
0.875241208076
0.582141709328




classifier 427
acc:
0.8875
0.8875
0.975


loss:
0.462471041083
0.323002316442
0.090752931498


val_acc:
0.4
0.85
0.85


val_loss:
0.732881474495
0.504841761291
0.696649352647




classifier 428
acc:
0.675
0.8
0.975


loss:
0.877772787213
0.460587535053
0.133056606725


val_acc:
0.9
0.9
0.9


val_loss:
0.428495308757
0.372887957096
0.377832385898




classifier 429
acc:
0.625
0.875
0.975


loss:
1.07407352664
0.336111737788
0.146297499165


val_acc:
0.65
0.55
0.55


val_loss:
0.626764822006
0.766155385971
0.596226358414




classifier 430
acc:
0.675
0.9375
0.925


loss:
1.01508572833
0.216849479824
0.180026822723


val_acc:
0.7
0.95
0.95


val_loss:
0.59178686142
0.42595526576
0.289211711287




classifier 431
acc:
0.775
0.9125
0.95


loss:
0.775207522139
0.259439332783
0.146284610219


val_acc:
0.8
0.9
0.9


val_loss:
0.550342261791
0.353067578375
0.374076503515




classifier 432
acc:
0.8875
0.9625
0.9625


loss:
0.506295219716
0.100186552852
0.0750053186901


val_acc:
0.85
0.85
0.85


val_loss:
0.770753598213
0.823095160164
0.462338745594




classifier 433
acc:
0.75
0.925
0.95


loss:
0.87208000645
0.219019325823
0.175813590735


val_acc:
0.8
0.8
0.8


val_loss:
0.598488721251
0.703976841271
0.809266846627




classifier 434
acc:
0.8125
0.9125
0.975


loss:
0.683812583471
0.239735167474
0.0957144154236


val_acc:
0.8
0.8
0.8


val_loss:
0.683248543739
0.73110461235
0.639772474766




classifier 435
acc:
0.8125
0.85
0.925


loss:
0.735446894355
0.326693204697
0.223114325106


val_acc:
0.95
0.95
0.95


val_loss:
0.278751942515
0.279666011781
0.283602167666




classifier 436
acc:
0.7375
0.8
0.95


loss:
0.843241347373
0.32868878413
0.165718520992


val_acc:
0.1
0.9
0.9


val_loss:
1.30521554947
0.400365651026
0.405456101894




classifier 437
acc:
0.8375
0.85
1.0


loss:
0.656733557582
0.275391323864
0.0923162823543


val_acc:
0.25
0.9
1.0


val_loss:
0.857929062843
0.328183418512
0.210547614098




classifier 438
acc:
0.7375
0.9
0.95


loss:
0.832744341064
0.273020578921
0.161623396724


val_acc:
0.55
0.6
0.6


val_loss:
0.701250994205
0.847511649132
1.18339232206




classifier 439
acc:
0.8625
0.925
0.9625


loss:
0.459663436736
0.179578478122
0.0950224714354


val_acc:
0.9
0.9
0.9


val_loss:
0.548087245133
0.450318196043
0.325557911396




classifier 440
acc:
0.75
0.9625
0.975


loss:
0.682641766965
0.146635648236
0.0992420442402


val_acc:
0.8
0.8
0.8


val_loss:
0.609270501137
0.677620029449
0.753770315647




classifier 441
acc:
0.7
0.9
0.9625


loss:
1.0520505473
0.229436450452
0.147396140546


val_acc:
0.95
0.95
0.95


val_loss:
0.288896262646
0.265285976231
0.240069587901




classifier 442
acc:
0.75
0.8
0.95


loss:
0.749589786807
0.351878687739
0.149208338931


val_acc:
0.75
0.75
0.75


val_loss:
0.581648957729
0.62990026474
1.13090181351




classifier 443
acc:
0.7375
0.9125
0.9625


loss:
0.769038931653
0.274254904315
0.11872221306


val_acc:
0.85
0.85
0.85


val_loss:
0.364346423745
0.363879336417
0.399232541397




classifier 444
acc:
0.7125
0.825
0.95


loss:
0.66755817174
0.397648652643
0.134799419902


val_acc:
0.85
0.85
0.85


val_loss:
0.451163631678
0.559511274099
0.4728446275




classifier 445
acc:
0.725
0.8875
0.9375


loss:
0.736376076937
0.22513082847
0.162710457668


val_acc:
0.95
0.95
0.95


val_loss:
0.228978443332
0.252539739013
0.275892863655




classifier 446
acc:
0.625
0.8625
0.925


loss:
0.992713811155
0.391178968549
0.211490935832


val_acc:
0.7
0.9
0.8


val_loss:
0.61510951519
0.375129640102
0.516286575794




classifier 447
acc:
0.6875
0.9125
0.9375


loss:
0.65447050184
0.242938527465
0.183451735601


val_acc:
0.8
0.8
0.55


val_loss:
1.23059403896
0.587236201763
0.611155438423




classifier 448
acc:
0.725
0.8625
0.9375


loss:
0.97133467719
0.332376393862
0.149922930822


val_acc:
0.8
0.9
0.9


val_loss:
0.462480735779
0.46869038865
0.4017904073




classifier 449
acc:
0.775
0.9
0.95


loss:
0.756540746568
0.221487383079
0.140704215784


val_acc:
0.9
0.9
0.9


val_loss:
0.352800773829
0.344001141191
0.385757297277




classifier 450
acc:
0.825
0.95
0.975


loss:
0.753230015095
0.137174486183
0.0888420537114


val_acc:
0.9
0.9
0.9


val_loss:
0.403384867311
0.459972816706
0.523720887303




classifier 451
acc:
0.6375
0.875
0.925


loss:
0.987189292908
0.437496742606
0.245002994686


val_acc:
0.75
0.55
0.7


val_loss:
0.537449896336
0.738396751881
0.666443097591




classifier 452
acc:
0.7375
0.925
0.925


loss:
0.96544604376
0.210300692916
0.180059231725


val_acc:
0.9
0.9
0.9


val_loss:
0.403206417337
0.328009364009
0.329331481457




classifier 453
acc:
0.7125
0.8875
0.95


loss:
0.908731284738
0.29857589826
0.198777901381


val_acc:
0.65
0.35
0.8


val_loss:
0.625853943825
0.825827312469
0.533332437277




classifier 454
acc:
0.6375
0.925
0.9


loss:
1.15886445139
0.287140735984
0.287308441848


val_acc:
0.9
0.85
0.9


val_loss:
0.343517700583
0.453369069099
0.383789175749




classifier 455
acc:
0.6875
0.8625
0.975


loss:
0.781193960831
0.295655131713
0.0971278402954


val_acc:
0.4
0.75
0.75


val_loss:
0.878483211994
0.854515063763
0.695098698139




classifier 456
acc:
0.8
0.875
0.9625


loss:
0.806603373971
0.256090725027
0.115109157376


val_acc:
1.0
1.0
1.0


val_loss:
0.351682889462
0.233369803429
0.0984587877989




classifier 457
acc:
0.8375
0.9
0.9


loss:
0.591184686683
0.298045972548
0.229776740819


val_acc:
0.8
0.8
0.8


val_loss:
0.91187579222
0.844612156227
0.651957240701




classifier 458
acc:
0.65
0.7875
0.875


loss:
0.869384806976
0.382214867696
0.251722787321


val_acc:
0.25
0.35
0.9


val_loss:
0.866086578369
0.754874765873
0.299003832042




classifier 459
acc:
0.7375
0.875
0.9375


loss:
0.651350777037
0.306244681403
0.167793549597


val_acc:
0.75
0.75
0.75


val_loss:
1.00502810478
0.812175035477
0.550488209724




classifier 460
acc:
0.7125
0.8375
0.8125


loss:
0.834824905545
0.325785624515
0.267489295453


val_acc:
0.85
0.85
0.9


val_loss:
0.471462030709
0.393302819133
0.339513543248




classifier 461
acc:
0.775
0.9
0.9875


loss:
0.672063409537
0.235094040632
0.0921512635425


val_acc:
0.8
0.8
0.8


val_loss:
0.544473463297
0.618397187442
0.78372641746




classifier 462
acc:
0.7625
0.8375
0.95


loss:
0.792887155339
0.348053221032
0.119092010334


val_acc:
0.8
0.8
0.8


val_loss:
0.588666212559
0.595064473152
0.623209881783




classifier 463
acc:
0.725
0.8875
0.9


loss:
0.793890910409
0.287095755152
0.218929942511


val_acc:
0.9
0.9
0.9


val_loss:
0.421850800514
0.367148151994
0.601485032076




classifier 464
acc:
0.6875
0.9125
0.975


loss:
0.913803836703
0.290319998562
0.162546458468


val_acc:
0.95
0.9
0.9


val_loss:
0.382232826948
0.308225095272
0.394849667698




classifier 465
acc:
0.825
0.925
0.975


loss:
0.568695987877
0.186114946939
0.0735277444124


val_acc:
0.8
0.85
0.8


val_loss:
0.590661938488
0.507922440767
0.711554592848




classifier 466
acc:
0.775
0.8625
0.9875


loss:
0.67766596321
0.257923191041
0.104061662406


val_acc:
0.9
0.9
0.9


val_loss:
0.319567273557
0.447227468528
0.319952701777




classifier 467
acc:
0.775
0.925
0.8875


loss:
0.707356779242
0.213816137612
0.213010967243


val_acc:
0.9
0.9
0.85


val_loss:
0.372243708372
0.421640168875
0.366570347548




classifier 468
acc:
0.8
0.9375
0.9


loss:
0.665376900742
0.161273939162
0.174985531345


val_acc:
0.9
0.9
0.9


val_loss:
0.412842366099
0.575230572
0.499252075702




classifier 469
acc:
0.7625
0.7875
0.9625


loss:
0.722425478883
0.33021243494
0.173240470141


val_acc:
0.65
0.75
0.75


val_loss:
0.629961037636
1.09833953381
0.783998095989




classifier 470
acc:
0.7125
0.925
0.9375


loss:
0.801685068011
0.262443314958
0.174482557178


val_acc:
0.85
0.85
0.85


val_loss:
0.746016750857
0.577114518732
0.473606790602




classifier 471
acc:
0.7
0.8625
0.975


loss:
0.83728011921
0.36289203302
0.155617471039


val_acc:
0.7
0.7
0.7


val_loss:
1.51776108742
1.02497348785
0.94860329628




classifier 472
acc:
0.7125
0.8625
0.925


loss:
0.730822324939
0.328789873514
0.19238558691


val_acc:
0.7
0.85
0.85


val_loss:
0.656686127186
0.65047917366
0.524900043011




classifier 473
acc:
0.65
0.875
0.975


loss:
1.0790875636
0.31340412721
0.158422016725


val_acc:
0.95
0.95
0.95


val_loss:
0.195774072409
0.401193189621
0.261197701097




classifier 474
acc:
0.75
0.9
0.9375


loss:
0.937171114236
0.256176581234
0.176313442551


val_acc:
0.8
0.5
0.8


val_loss:
0.750971939415
0.708113408089
0.647558946908




classifier 475
acc:
0.825
0.925
0.9875


loss:
0.562984387763
0.151483758353
0.0628863362595


val_acc:
0.8
0.8
0.8


val_loss:
0.79741692543
0.724517536163
0.936690592766




classifier 476
acc:
0.9125
0.975
1.0


loss:
0.431998687051
0.0700697981985
0.0652661137283


val_acc:
0.85
0.85
0.85


val_loss:
0.753650426865
0.429392838478
0.315974932909




classifier 477
acc:
0.725
0.9125
0.9625


loss:
0.902157506905
0.295785278082
0.118015920371


val_acc:
0.25
0.7
0.95


val_loss:
0.88204035759
0.527687132359
0.298393434286




classifier 478
acc:
0.825
0.8875
0.95


loss:
0.773164248466
0.225815965724
0.159547981992


val_acc:
0.85
0.85
0.85


val_loss:
0.45413852036
0.488193106651
0.567857436836




classifier 479
acc:
0.825
0.9375
0.9875


loss:
0.702251230367
0.154648871068
0.0657388563268


val_acc:
0.8
0.8
0.8


val_loss:
0.868098807335
0.579665112495
0.52306112051




classifier 480
acc:
0.825
0.9375
0.975


loss:
0.690639752708
0.163684039377
0.076030542329


val_acc:
0.9
0.9
0.9


val_loss:
0.366291970015
0.360916806757
0.336390616745




classifier 481
acc:
0.8
0.8875
0.975


loss:
0.54162835083
0.387932537124
0.126224624738


val_acc:
0.95
0.95
0.95


val_loss:
0.216240569949
0.194838567078
0.201289850846




classifier 482
acc:
0.6875
0.9375
0.8875


loss:
0.888973036222
0.187377179787
0.221431929525


val_acc:
0.85
0.85
0.85


val_loss:
0.466687345505
0.556902170181
0.751109576225




classifier 483
acc:
0.725
0.9125
0.925


loss:
0.756227614963
0.245207308605
0.173788234964


val_acc:
0.8
0.8
0.8


val_loss:
0.555104315281
0.817918658257
0.57351899147




classifier 484
acc:
0.8375
0.975
0.975


loss:
0.572483138379
0.0969286076725
0.0458469105884


val_acc:
0.85
0.85
0.85


val_loss:
0.404391129315
0.607095979154
0.405195760727




classifier 485
acc:
0.775
0.925
0.8625


loss:
0.817023307085
0.254042293504
0.26709013842


val_acc:
0.95
0.95
0.75


val_loss:
0.237363247573
0.277293559909
0.51478856802




classifier 486
acc:
0.9625
0.9875
1.0


loss:
0.359937531358
0.0394815225853
0.0139295967529


val_acc:
0.85
0.85
0.85


val_loss:
0.756427130103
0.962947265012
0.53822202906




classifier 487
acc:
0.9125
0.95
0.975


loss:
0.448752631346
0.122950529307
0.0625663511455


val_acc:
0.9
0.9
0.9


val_loss:
0.267646676302
0.474315457419
0.340025658906




classifier 488
acc:
0.925
0.95
1.0


loss:
0.491423672812
0.147812400758
0.0235006956384


val_acc:
0.9
0.9
0.9


val_loss:
0.543818782596
0.38305695951
0.380898903683




classifier 489
acc:
0.875
0.9625
0.9875


loss:
0.416180924652
0.162395498436
0.0529705606983


val_acc:
1.0
1.0
1.0


val_loss:
0.256134933233
0.0779228076339
0.00309561551549




classifier 490
acc:
0.8125
0.925
0.9875


loss:
0.572869617864
0.124194557499
0.0567174702883


val_acc:
0.8
0.8
0.8


val_loss:
0.71821372509
0.532903563976
0.74641135931




classifier 491
acc:
0.9
0.925
0.975


loss:
0.604493166879
0.220928571885
0.0552893728018


val_acc:
1.0
1.0
1.0


val_loss:
0.00615261690691
0.00696623912081
0.0919224083424




classifier 492
acc:
0.925
0.975
1.0


loss:
0.323361122466
0.0430799158756
0.0118097162107


val_acc:
0.9
0.9
0.9


val_loss:
0.304661165923
0.343566517159
0.560929636378




classifier 493
acc:
0.9
1.0
1.0


loss:
0.272366993292
0.00155250122189
0.000846694747452


val_acc:
1.0
1.0
1.0


val_loss:
0.00220099329017
0.00119685060345
0.000692772469483




classifier 494
acc:
0.95
0.9875
1.0


loss:
0.312122453359
0.0807624222245
0.0207850579638


val_acc:
0.95
0.95
0.95


val_loss:
0.342309572583
0.239592128154
0.239002724364




classifier 495
acc:
0.9
0.9875
1.0


loss:
0.147675000427
0.0367720157999
0.00297638156917


val_acc:
0.95
0.95
0.95


val_loss:
0.500066846091
0.329869413842
0.402188725513




classifier 496
acc:
0.9
1.0
1.0


loss:
0.280563171685
0.00147349975305
0.000789124384755


val_acc:
1.0
1.0
1.0


val_loss:
0.00174054894596
0.000932485552039
0.000532305415254




classifier 497
acc:
1.0
1.0
1.0


loss:
0.00290918296537
5.21915058016e-06
4.596277563e-06


val_acc:
1.0
1.0
1.0


val_loss:
5.1886006986e-06
4.6759977522e-06
4.02630384997e-06




classifier 498
acc:
0.9875
0.9875
1.0


loss:
0.156416545907
0.0267261666362
0.00182951964671


val_acc:
1.0
1.0
1.0


val_loss:
0.00310279638506
0.000761692924425
0.000710505584721




classifier 499
acc:
1.0
1.0
1.0


loss:
0.0404578212827
5.95457189775e-05
5.29923536305e-05


val_acc:
1.0
1.0
1.0


val_loss:
4.70742495963e-05
4.29702326073e-05
3.76174546545e-05




predict result:


text_num: 0
actions: 87
right_actions: 6
tag_actions: 30
recall: 0.068966
precision: 0.200000
f_measure: 0.102564

text_num: 1
actions: 89
right_actions: 5
tag_actions: 27
recall: 0.056180
precision: 0.185185
f_measure: 0.086207

text_num: 2
actions: 90
right_actions: 6
tag_actions: 31
recall: 0.066667
precision: 0.193548
f_measure: 0.099174

text_num: 3
actions: 83
right_actions: 4
tag_actions: 26
recall: 0.048193
precision: 0.153846
f_measure: 0.073394

text_num: 4
actions: 56
right_actions: 5
tag_actions: 28
recall: 0.089286
precision: 0.178571
f_measure: 0.119048

text_num: 5
actions: 85
right_actions: 5
tag_actions: 27
recall: 0.058824
precision: 0.185185
f_measure: 0.089286

text_num: 6
actions: 82
right_actions: 2
tag_actions: 25
recall: 0.024390
precision: 0.080000
f_measure: 0.037383

text_num: 7
actions: 86
right_actions: 7
tag_actions: 22
recall: 0.081395
precision: 0.318182
f_measure: 0.129630

text_num: 8
actions: 85
right_actions: 2
tag_actions: 22
recall: 0.023529
precision: 0.090909
f_measure: 0.037383

text_num: 9
actions: 78
right_actions: 4
tag_actions: 20
recall: 0.051282
precision: 0.200000
f_measure: 0.081633

text_num: 10
actions: 24
right_actions: 2
tag_actions: 23
recall: 0.083333
precision: 0.086957
f_measure: 0.085106

total_actions: 845
total_right_actions: 48
total_tag_actions: 281
total_recall: 0.056805
total_precision: 0.170819
total_f_measure: 0.085258
