

classifier 0
acc:
0.974431818182
1.0
1.0
1.0
1.0
1.0
1.0
1.0
1.0
1.0


loss:
0.147165188058
0.0220296797766
0.00911773999476
0.00444101504135
0.00230459963099
0.0012216283146
0.000662652664522
0.000363604119312
0.000200190232135
0.000110778579917


val_acc:
1.0
1.0
1.0
1.0
1.0
1.0
1.0
1.0
1.0
1.0


val_loss:
0.0338462164456
0.0125803003426
0.00589169102552
0.00301643362565
0.00159118028188
0.000846667442767
0.000466027839469
0.000255184533836
0.000141752651623
7.84657898872e-05




classifier 1
acc:
0.923295454545
1.0
1.0
1.0
1.0
1.0
1.0
1.0
1.0
1.0


loss:
0.23616645282
0.0702557802539
0.0456472662362
0.0334384416823
0.0257852804762
0.0204557629133
0.0167700865052
0.0142993462664
0.012492436829
0.0111352400272


val_acc:
1.0
1.0
1.0
1.0
1.0
1.0
1.0
1.0
1.0
1.0


val_loss:
0.0890273424712
0.0531765903262
0.0376257090406
0.0285739617592
0.0224663840437
0.018154729327
0.0151300525123
0.0131778746674
0.0116744144735
0.0104743781161




classifier 2
acc:
0.875
1.0
1.0
1.0
1.0
1.0
1.0
1.0
1.0
1.0


loss:
0.390590537678
0.20769814876
0.160573013127
0.132949638096
0.113543438641
0.0985693752088
0.0862828713249
0.0755506452512
0.0657416121526
0.0573059046133


val_acc:
1.0
1.0
1.0
1.0
1.0
1.0
1.0
1.0
1.0
1.0


val_loss:
0.238555560058
0.176254393025
0.143138752065
0.121063101698
0.104659142142
0.0912688083269
0.0801010761749
0.0699338594621
0.0607582554221
0.0531365271996




classifier 3
acc:
0.866477272727
0.951704545455
0.974431818182
0.991477272727
0.994318181818
1.0
1.0
1.0
1.0
1.0


loss:
0.379528435794
0.208090523427
0.142719748345
0.102639704265
0.074350707233
0.0538946796547
0.0389271612194
0.0275052153421
0.0195317325098
0.0132957646539


val_acc:
0.931818187237
0.954545449127
1.0
1.0
1.0
1.0
1.0
1.0
1.0
1.0


val_loss:
0.240003810687
0.161619190465
0.1166970635
0.0835140232335
0.0606966174462
0.0437425192107
0.0314192121679
0.0221588059582
0.0155211697248
0.01067749377




classifier 4
acc:
0.897727272727
0.994318181818
1.0
1.0
1.0
1.0
1.0
1.0
1.0
1.0


loss:
0.380532370372
0.184212171219
0.122275198048
0.0894703441723
0.0691515755924
0.0554303232242
0.0453961184248
0.037870248441
0.0318303416398
0.0268766320395


val_acc:
1.0
1.0
1.0
1.0
1.0
1.0
1.0
1.0
1.0
1.0


val_loss:
0.224920439449
0.140122056685
0.100152219561
0.0761602524329
0.0603425204754
0.0490796317092
0.0408144971694
0.0341870479116
0.0289447845637
0.0243642896583




classifier 5
acc:
0.923295454545
1.0
1.0
1.0
1.0
1.0
1.0
1.0
1.0
1.0


loss:
0.344350938093
0.164208172397
0.114884614944
0.0884633487598
0.071875849908
0.0603906695138
0.0517842193896
0.0449722382155
0.0395746986297
0.0349952730096


val_acc:
1.0
1.0
1.0
1.0
1.0
1.0
1.0
1.0
1.0
1.0


val_loss:
0.198969987306
0.129910996692
0.0973881042816
0.0778775370934
0.0645774731582
0.0551883944056
0.0478345155716
0.0416815226728
0.036972802471
0.0326342237267




classifier 6
acc:
0.823863636364
0.994318181818
1.0
1.0
1.0
1.0
1.0
1.0
1.0
1.0


loss:
0.43315923214
0.194615731185
0.126001091166
0.0885044390505
0.0657636719671
0.0504173290154
0.0403084048832
0.0327895754864
0.0270588773049
0.0227470814504


val_acc:
0.977272727273
1.0
1.0
1.0
1.0
1.0
1.0
1.0
1.0
1.0


val_loss:
0.238381387158
0.146540385756
0.100964947858
0.0734045221047
0.0558474947783
0.0437238348479
0.035508794202
0.0292836339636
0.0243077462708
0.0206909481097




classifier 7
acc:
0.909090909091
0.994318181818
1.0
1.0
1.0
1.0
1.0
1.0
1.0
1.0


loss:
0.387168934399
0.184867988933
0.125265538692
0.0913987491619
0.0702245001766
0.0558937527239
0.0456578118557
0.0384355400774
0.0332312656313
0.0288980890658


val_acc:
1.0
1.0
1.0
1.0
1.0
1.0
1.0
1.0
1.0
1.0


val_loss:
0.22376527705
0.143167146228
0.103240383958
0.0774168092757
0.0609462477944
0.0493595108221
0.0409724664536
0.0351451099639
0.0306176219813
0.0267942429795




classifier 8
acc:
0.818181818182
0.940340909091
0.974431818182
0.991477272727
1.0
1.0
1.0
1.0
1.0
1.0


loss:
0.483007515019
0.271404041485
0.194072607566
0.146957692775
0.114600882611
0.0906000760469
0.0739379416813
0.0605288361284
0.0498148235069
0.0419354412535


val_acc:
0.931818181818
0.954545454545
0.977272727273
1.0
1.0
1.0
1.0
1.0
1.0
1.0


val_loss:
0.31745268269
0.216762533242
0.162735250863
0.125340102071
0.0987791249698
0.080480449579
0.0645353174345
0.0539685714651
0.0448475165123
0.0374524247917




classifier 9
acc:
0.889204545455
0.960227272727
0.974431818182
0.977272727273
0.974431818182
0.977272727273
0.977272727273
0.977272727273
0.980113636364
0.96875


loss:
0.324209294536
0.163850018924
0.120468329977
0.0961214188825
0.0860616508871
0.0748488872566
0.0685068534856
0.0635032166134
0.0637814807706
0.0583225500939


val_acc:
0.931818187237
0.977272721854
0.977272721854
0.977272721854
0.977272721854
0.977272721854
0.977272721854
0.977272721854
0.977272721854
0.977272721854


val_loss:
0.191352394494
0.130210474133
0.101024487479
0.0888553620739
0.0746571550315
0.0679841326042
0.0622308884155
0.0589845641093
0.0550862232392
0.0585938292471




classifier 10
acc:
0.920454545455
1.0
1.0
1.0
1.0
1.0
1.0
1.0
1.0
1.0


loss:
0.393913336776
0.173860005357
0.108035538684
0.0748309344053
0.0557192504745
0.0433854221112
0.0351682704958
0.0291936953806
0.0249185538427
0.0216310863722


val_acc:
1.0
1.0
1.0
1.0
1.0
1.0
1.0
1.0
1.0
1.0


val_loss:
0.220086380839
0.128120520575
0.0855417939072
0.0624592915516
0.0479538853873
0.0381935219365
0.0313510698774
0.0265589332504
0.0228731920943
0.0200917178246




classifier 11
acc:
0.875
0.977272727273
0.985795454545
1.0
1.0
1.0
1.0
1.0
1.0
1.0


loss:
0.404984628612
0.216548189521
0.157175778665
0.121156895703
0.0955824838443
0.0762592838569
0.0617304212329
0.0498644770546
0.0404066026888
0.0330867088315


val_acc:
0.977272721854
0.977272721854
1.0
1.0
1.0
1.0
1.0
1.0
1.0
1.0


val_loss:
0.252173789523
0.175767363472
0.133444433863
0.104442379014
0.0834705429998
0.0671832900156
0.0544718314301
0.0440407574854
0.0359879505228
0.0293394863944




classifier 12
acc:
0.948863636364
1.0
1.0
1.0
1.0
1.0
1.0
1.0
1.0
1.0


loss:
0.249256850644
0.0986802926795
0.0623114542528
0.0444395201789
0.0344673559408
0.0286490368572
0.0245468404821
0.0215429808966
0.019132119921
0.0169677955723


val_acc:
1.0
1.0
1.0
1.0
1.0
1.0
1.0
1.0
1.0
1.0


val_loss:
0.124082843688
0.0725812779909
0.049955716018
0.0378152838993
0.0307143887674
0.0260203028817
0.0227161546407
0.0200573095142
0.0178700959395
0.0157478333594




classifier 13
acc:
0.821022727273
0.960227272727
0.974431818182
0.974431818182
0.965909090909
0.974431818182
0.965909090909
0.965909090909
0.971590909091
0.977272727273


loss:
0.481535385955
0.234689781612
0.164735165509
0.125465647741
0.105889161879
0.0888382604515
0.082455702634
0.0741364911876
0.0664797000248
0.0632925871336


val_acc:
0.954545459964
0.977272727273
0.977272721854
0.977272727273
0.977272721854
0.977272727273
0.977272727273
0.977272727273
0.977272721854
0.977272727273


val_loss:
0.278470193798
0.182629218156
0.135004928166
0.108901037411
0.0892356600274
0.0773151889443
0.0722136737948
0.0649715766988
0.0675524520603
0.0642150149427




classifier 14
acc:
0.934659090909
1.0
1.0
1.0
1.0
1.0
1.0
1.0
1.0
1.0


loss:
0.328361714428
0.133839319375
0.0799845578996
0.052938783372
0.0372553123585
0.0278961564499
0.0217718622563
0.0176808037372
0.014841724928
0.0128677275074


val_acc:
1.0
1.0
1.0
1.0
1.0
1.0
1.0
1.0
1.0
1.0


val_loss:
0.169088088653
0.0966354175047
0.0618288923394
0.0425255281681
0.0311488089236
0.0239459127188
0.0191286863251
0.0158385964618
0.0136438902806
0.0119499840181




classifier 15
acc:
0.911931818182
1.0
1.0
1.0
1.0
1.0
1.0
1.0
1.0
1.0


loss:
0.357698783278
0.166669249535
0.104057557881
0.07237348841
0.0544756122611
0.0436024064706
0.0365443140776
0.0313234501942
0.0275227955691
0.0244415089255


val_acc:
1.0
1.0
1.0
1.0
1.0
1.0
1.0
1.0
1.0
1.0


val_loss:
0.205948201093
0.123060171577
0.0822578309612
0.0602762384171
0.0472689863633
0.0389778761362
0.0332689784806
0.0290556297722
0.0257181325419
0.022804395719




classifier 16
acc:
0.838068181818
0.965909090909
0.994318181818
1.0
1.0
1.0
1.0
1.0
1.0
1.0


loss:
0.47305796905
0.216591359539
0.145193965598
0.105215153234
0.0807735215534
0.0660582752052
0.0552447621118
0.0474718951366
0.0414384247904
0.036647203463


val_acc:
0.954545459964
1.0
1.0
1.0
1.0
1.0
1.0
1.0
1.0
1.0


val_loss:
0.265651200305
0.168093436144
0.118655766276
0.0892664732581
0.0714231045409
0.0592043819753
0.0504922218282
0.0438614256934
0.038491735764
0.0342287523778




classifier 17
acc:
0.923295454545
0.963068181818
1.0
1.0
1.0
1.0
1.0
1.0
1.0
1.0


loss:
0.280017289248
0.12915531004
0.0825792114166
0.0557448339056
0.0372881152752
0.024954081259
0.0164211084643
0.0109684407626
0.00713050797243
0.00469843411437


val_acc:
0.954545449127
1.0
1.0
1.0
1.0
1.0
1.0
1.0
1.0
1.0


val_loss:
0.155850708485
0.0966775884682
0.0639830729501
0.0432529510422
0.0290532740341
0.0191577193751
0.0127787715332
0.00847436796704
0.0055868816562
0.00355094677599




classifier 18
acc:
0.90625
0.985795454545
1.0
1.0
1.0
1.0
1.0
1.0
1.0
1.0


loss:
0.327020208944
0.168313559483
0.113469224762
0.0814538320357
0.0600278804248
0.0455302745104
0.0356929677285
0.0285484119826
0.0228741392493
0.0182085013948


val_acc:
0.977272727273
1.0
1.0
1.0
1.0
1.0
1.0
1.0
1.0
1.0


val_loss:
0.20132778585
0.131100431762
0.0922050391409
0.0673080841926
0.0508155191148
0.0390950100158
0.0308878348971
0.0249972632578
0.0199685649608
0.0158551370789




classifier 19
acc:
0.943181818182
0.994318181818
1.0
1.0
1.0
1.0
1.0
1.0
1.0
1.0


loss:
0.278859421611
0.114577860317
0.0702564569021
0.0487005095929
0.0372089121321
0.0297211440788
0.0246344795451
0.0206476112785
0.0173452296823
0.0146256906446


val_acc:
0.977272721854
1.0
1.0
1.0
1.0
1.0
1.0
1.0
1.0
1.0


val_loss:
0.146247871897
0.0829438336871
0.0557783232494
0.0408169957386
0.0323657379062
0.0265807354061
0.0222511360083
0.0186516887254
0.0156409367813
0.0132957990758




classifier 20
acc:
0.875
1.0
1.0
1.0
1.0
1.0
1.0
1.0
1.0
1.0


loss:
0.427182725885
0.173044265671
0.100215777077
0.0634297068146
0.0430787095631
0.0305372871967
0.0231149309653
0.0183900870298
0.0155000036836
0.0135611267443


val_acc:
1.0
1.0
1.0
1.0
1.0
1.0
1.0
1.0
1.0
1.0


val_loss:
0.221122707833
0.12157877941
0.0752595209263
0.0496907400137
0.0346324980598
0.025557548485
0.0201533997262
0.0164574560371
0.0142508344936
0.0126951381839




classifier 21
acc:
0.926136363636
1.0
1.0
1.0
1.0
1.0
1.0
1.0
1.0
1.0


loss:
0.293350058523
0.10215925493
0.0652899423783
0.0489080135118
0.0389208301732
0.0315793433481
0.0260969825428
0.021626258269
0.0177160491955
0.0141986781117


val_acc:
1.0
1.0
1.0
1.0
1.0
1.0
1.0
1.0
1.0
1.0


val_loss:
0.131740117615
0.0757015178149
0.054565961388
0.0426423532719
0.0343423045494
0.0281394825063
0.023391566832
0.0192336040464
0.0156437485394
0.0123499352485




classifier 22
acc:
0.909090909091
0.980113636364
1.0
1.0
1.0
1.0
1.0
1.0
1.0
1.0


loss:
0.249541370706
0.123022164133
0.0784710791301
0.0536465004764
0.0378828455948
0.0283371286297
0.0216204700145
0.0168615135745
0.0135212882041
0.010863376866


val_acc:
0.977272727273
1.0
1.0
1.0
1.0
1.0
1.0
1.0
1.0
1.0


val_loss:
0.150948445905
0.0927940586751
0.061026359485
0.0430853082375
0.0314605181867
0.024225609377
0.0182688690045
0.0145808090879
0.0119508269497
0.00952272904529




classifier 23
acc:
0.852272727273
0.954545454545
0.974431818182
0.96875
0.971590909091
0.965909090909
0.982954545455
0.971590909091
0.974431818182
0.974431818182


loss:
0.385300091722
0.184152359312
0.133036382496
0.107533784753
0.0918799357658
0.081773464314
0.0685865406624
0.0660061023452
0.0638560705226
0.0544122030789


val_acc:
0.954545454545
0.977272721854
0.977272727273
0.977272727273
0.977272727273
0.977272727273
0.977272727273
0.977272721854
0.977272727273
0.977272727273


val_loss:
0.214621827006
0.144715909253
0.117678758773
0.093219792301
0.0784813653339
0.070008514957
0.065061272884
0.0651359517466
0.0542521192269
0.0557788698511




classifier 24
acc:
0.934659090909
1.0
1.0
1.0
1.0
1.0
1.0
1.0
1.0
1.0


loss:
0.291891742159
0.129592514174
0.0853628428145
0.0636286832054
0.0504491087049
0.0418847472492
0.0358942731453
0.0314070862422
0.0277166456323
0.0243168066584


val_acc:
1.0
1.0
1.0
1.0
1.0
1.0
1.0
1.0
1.0
1.0


val_loss:
0.161967224695
0.0981308668852
0.070863283832
0.0552299672907
0.0448881043968
0.0381027038463
0.033170349388
0.0292527567257
0.0257156636905
0.0225472315638




classifier 25
acc:
0.9375
1.0
1.0
1.0
1.0
1.0
1.0
1.0
1.0
1.0


loss:
0.367385967211
0.180308747021
0.113978371024
0.0762033316899
0.0539868832989
0.0391813592816
0.0294537988745
0.022573900282
0.017876221121
0.0146114779954


val_acc:
1.0
1.0
1.0
1.0
1.0
1.0
1.0
1.0
1.0
1.0


val_loss:
0.22300228612
0.134497880258
0.0891803076321
0.0615169284019
0.0444489285689
0.032749350098
0.0249398310076
0.0195259794762
0.0157696695744
0.013046965257




classifier 26
acc:
0.821022727273
0.960227272727
0.994318181818
1.0
1.0
1.0
1.0
1.0
1.0
1.0


loss:
0.409490795298
0.187615819953
0.120746078816
0.0843439704993
0.0605092129924
0.0455518518998
0.0350039406595
0.0283314314121
0.0235479847443
0.0201318656433


val_acc:
0.931818187237
0.977272721854
1.0
1.0
1.0
1.0
1.0
1.0
1.0
1.0


val_loss:
0.230921589515
0.140651095997
0.0955761671066
0.068286167627
0.0505727661604
0.0390358678997
0.0306581378999
0.0251857711172
0.0213273828003
0.0183741297065




classifier 27
acc:
0.852272727273
0.988636363636
1.0
1.0
1.0
1.0
1.0
1.0
1.0
1.0


loss:
0.463469741019
0.192824478854
0.113568771969
0.0738475028087
0.0517304863103
0.03884083947
0.0300162171268
0.0238676466556
0.0188138373831
0.0147787532663


val_acc:
0.977272721854
1.0
1.0
1.0
1.0
1.0
1.0
1.0
1.0
1.0


val_loss:
0.24666014991
0.138325454159
0.08665183322
0.059219727462
0.0430514749817
0.0328921506351
0.0261347052557
0.0207181177949
0.0162175143434
0.0126278195742




classifier 28
acc:
0.877840909091
0.988636363636
1.0
1.0
1.0
1.0
1.0
1.0
1.0
1.0


loss:
0.400712888349
0.168081731281
0.110536140474
0.0812950466167
0.0642978743735
0.0530874339694
0.0453091809018
0.0391921172427
0.0342981810258
0.030187864809


val_acc:
0.977272721854
1.0
1.0
1.0
1.0
1.0
1.0
1.0
1.0
1.0


val_loss:
0.2078902166
0.128111384809
0.0908394401724
0.0701141618192
0.0569706212052
0.0482025444508
0.0416108558632
0.0362019343302
0.0318387044509
0.0281257950912




classifier 29
acc:
0.889204545455
0.997159090909
1.0
1.0
1.0
1.0
1.0
1.0
1.0
1.0


loss:
0.411897838116
0.198116103357
0.137722129172
0.10470388491
0.0837496102534
0.0696589862081
0.0590550582856
0.0508794332431
0.0442813962105
0.0388114244508


val_acc:
1.0
1.0
1.0
1.0
1.0
1.0
1.0
1.0
1.0
1.0


val_loss:
0.237364659255
0.156824071299
0.115508215671
0.0906772850589
0.0747552026402
0.0631583631039
0.0539825165814
0.046787943691
0.0410602480512
0.0359593831341




classifier 30
acc:
0.792613636364
0.96875
1.0
1.0
1.0
1.0
1.0
1.0
1.0
1.0


loss:
0.46522466161
0.191213882782
0.118018437516
0.0803774446249
0.0576705488969
0.0425695688887
0.0326197267595
0.0254893004894
0.0204359399874
0.0166215409355


val_acc:
0.954545449127
1.0
1.0
1.0
1.0
1.0
1.0
1.0
1.0
1.0


val_loss:
0.241207042878
0.139768681066
0.092760513452
0.0654192939401
0.0481242754243
0.036181056618
0.0280723180622
0.0222843437964
0.0180376794147
0.0148213989398




classifier 31
acc:
0.928977272727
0.971590909091
0.991477272727
1.0
1.0
1.0
1.0
1.0
1.0
1.0


loss:
0.3048591099
0.167034422132
0.119996264577
0.0906967903403
0.0711760510775
0.0559853411872
0.0449645304206
0.0367180171677
0.0301745437424
0.0251311612823


val_acc:
0.954545459964
1.0
1.0
1.0
1.0
1.0
1.0
1.0
1.0
1.0


val_loss:
0.194132002917
0.133710006421
0.10060719807
0.0781060538509
0.0616782849485
0.0489946881478
0.0397233978253
0.0327070363882
0.0270745119249
0.0227179704234




classifier 32
acc:
0.897727272727
1.0
1.0
1.0
1.0
1.0
1.0
1.0
1.0
1.0


loss:
0.361144836653
0.172992970456
0.11837238412
0.0874148529362
0.0685764395378
0.0557526068931
0.0468173574826
0.0396506633948
0.033888084179
0.0289053424177


val_acc:
1.0
1.0
1.0
1.0
1.0
1.0
1.0
1.0
1.0
1.0


val_loss:
0.207245721058
0.134288253432
0.097648689354
0.0750229219821
0.0601386734369
0.0500123025849
0.0423417474905
0.0360188200985
0.0307197682348
0.0261625761949




classifier 33
acc:
0.926136363636
0.980113636364
1.0
1.0
1.0
1.0
1.0
1.0
1.0
1.0


loss:
0.278214919296
0.130792180923
0.0920354673131
0.0687337165529
0.0536286670884
0.043374333192
0.0361810490828
0.0303942954422
0.0263920659834
0.0235148520548


val_acc:
0.977272721854
1.0
1.0
1.0
1.0
1.0
1.0
1.0
1.0
1.0


val_loss:
0.158524842425
0.104118387807
0.076819320294
0.0591058602387
0.0470202622766
0.0384154248644
0.032060419294
0.0278221688826
0.0245608485896
0.0220655692233




classifier 34
acc:
0.894886363636
1.0
1.0
1.0
1.0
1.0
1.0
1.0
1.0
1.0


loss:
0.393500850959
0.160176970742
0.100122007457
0.0723249898715
0.0573300661689
0.0482349194248
0.0421037949114
0.0380287847101
0.0347824392163
0.0320560670648


val_acc:
1.0
1.0
1.0
1.0
1.0
1.0
1.0
1.0
1.0
1.0


val_loss:
0.204947987741
0.117788663642
0.0810812732035
0.0623846511272
0.051307910884
0.0442502498627
0.0395762730728
0.036123204807
0.0331425187601
0.0307052848353




classifier 35
acc:
0.914772727273
0.994318181818
1.0
1.0
1.0
1.0
1.0
1.0
1.0
1.0


loss:
0.324954547665
0.135951328007
0.0780500728976
0.0466825479472
0.0284909582274
0.0175673265687
0.010559711944
0.0063710347326
0.00379326556471
0.00225966534874


val_acc:
0.977272727273
1.0
1.0
1.0
1.0
1.0
1.0
1.0
1.0
1.0


val_loss:
0.171443312006
0.0947966744954
0.0568011359058
0.0339855690571
0.0211888206276
0.0128635114736
0.00793196337128
0.00460851865567
0.0027510995384
0.00163517760071




classifier 36
acc:
0.852272727273
0.957386363636
0.982954545455
1.0
1.0
1.0
1.0
1.0
1.0
1.0


loss:
0.386226820675
0.191546815363
0.127482011237
0.0880374678157
0.0620602552186
0.0447307730263
0.0327575194057
0.0250292966904
0.0186828723685
0.0141941226426


val_acc:
0.931818187237
0.954545449127
1.0
1.0
1.0
1.0
1.0
1.0
1.0
1.0


val_loss:
0.229249336503
0.146859844977
0.100562691011
0.0702062919736
0.0498550368304
0.0368114740334
0.0277503134513
0.0208227038383
0.015693675642
0.0120834004219




classifier 37
acc:
0.900568181818
0.965909090909
0.971590909091
0.980113636364
0.977272727273
0.974431818182
0.974431818182
0.971590909091
0.971590909091
0.974431818182


loss:
0.317300804637
0.168321147561
0.123939388178
0.0981281467459
0.0839943716472
0.0787673020227
0.0689291823655
0.0638722713021
0.0618631497703
0.0535249931907


val_acc:
0.954545459964
0.977272721854
0.977272721854
0.977272721854
0.977272721854
0.977272721854
0.977272721854
0.977272721854
0.977272727273
0.977272727273


val_loss:
0.196393455971
0.137018052692
0.106274528937
0.09439819848
0.0860205556859
0.0687152601101
0.0630379596894
0.0571790215644
0.0533348887481
0.0505844249644




classifier 38
acc:
0.903409090909
0.988636363636
0.997159090909
1.0
1.0
1.0
1.0
1.0
1.0
1.0


loss:
0.290411541408
0.140078901567
0.0963871445168
0.0731424066153
0.0549917774783
0.0423573173413
0.0336232965981
0.0265470804985
0.0215247740376
0.017561011736


val_acc:
1.0
0.977272721854
1.0
1.0
1.0
1.0
1.0
1.0
1.0
1.0


val_loss:
0.167231195352
0.110617015172
0.0785413120281
0.0601679642092
0.0471366281536
0.0366346111352
0.0286528810181
0.0233049032024
0.019385736605
0.0159271879291




classifier 39
acc:
0.914772727273
0.988636363636
1.0
1.0
1.0
1.0
1.0
1.0
1.0
1.0


loss:
0.302819820968
0.12912436236
0.0820487564938
0.0577904969792
0.0433395151049
0.0339539401572
0.0275728860023
0.0228971923617
0.0192109497095
0.0161466849333


val_acc:
0.977272721854
1.0
1.0
1.0
1.0
1.0
1.0
1.0
1.0
1.0


val_loss:
0.158588540825
0.0963766391982
0.0654604465447
0.0481912818822
0.0373004971241
0.0298944736238
0.0245756695301
0.0206973529209
0.0173746712548
0.0145745864879




classifier 40
acc:
0.894886363636
1.0
1.0
1.0
1.0
1.0
1.0
1.0
1.0
1.0


loss:
0.366558251056
0.186123922467
0.123582567004
0.0907608863305
0.0682041851634
0.0520522641865
0.0407173865559
0.0324404526671
0.0262459608811
0.021364800251


val_acc:
1.0
1.0
1.0
1.0
1.0
1.0
1.0
1.0
1.0
1.0


val_loss:
0.224069929936
0.142141040076
0.10129815611
0.0757059996778
0.057722445916
0.0450071082874
0.0354298116131
0.0286815120754
0.0231609540907
0.0189672566273




classifier 41
acc:
0.886363636364
0.977272727273
0.991477272727
1.0
1.0
1.0
1.0
1.0
1.0
1.0


loss:
0.385355876251
0.166575648568
0.107713142579
0.0751050053672
0.0535779253326
0.0381491602483
0.026881782592
0.0191123816608
0.0132291918959
0.00914399894166


val_acc:
0.977272721854
0.977272721854
1.0
1.0
1.0
1.0
1.0
1.0
1.0
1.0


val_loss:
0.206601056186
0.125288463452
0.0851979086345
0.0608611222018
0.0432676479898
0.0304513719272
0.0218472026966
0.0150471969762
0.010471900671
0.00724702730606




classifier 42
acc:
0.877840909091
0.982954545455
1.0
1.0
1.0
1.0
1.0
1.0
1.0
1.0


loss:
0.317693068223
0.132246626372
0.0802358141677
0.0520397196101
0.0361591237174
0.0262109891258
0.020396348978
0.0165354688652
0.0139696262777
0.0122467580632


val_acc:
0.954545459964
1.0
1.0
1.0
1.0
1.0
1.0
1.0
1.0
1.0


val_loss:
0.165387303992
0.0952359898524
0.0610239173878
0.0410662195222
0.0293765024028
0.0222815647721
0.0177273120392
0.0147918923335
0.0128697446039
0.0113826259886




classifier 43
acc:
0.926136363636
1.0
1.0
1.0
1.0
1.0
1.0
1.0
1.0
1.0


loss:
0.331737959927
0.135607006875
0.0855748843063
0.0616314438256
0.0470538219776
0.0372836947949
0.0305333996022
0.0257336963815
0.0220757316353
0.0193116385807


val_acc:
1.0
1.0
1.0
1.0
1.0
1.0
1.0
1.0
1.0
1.0


val_loss:
0.17066244781
0.100693370808
0.0694283206354
0.0518494515934
0.0407696291804
0.0329214928841
0.0276059049436
0.0234886165708
0.0203311136839
0.0179580734535




classifier 44
acc:
0.880681818182
0.943181818182
0.954545454545
0.954545454545
0.974431818182
0.977272727273
1.0
1.0
1.0
1.0


loss:
0.323122830553
0.170811428942
0.130095396868
0.109018169682
0.094760145992
0.0832105692137
0.0724266953766
0.062652609311
0.0548434237188
0.0470802570609


val_acc:
0.9318181764
0.954545449127
0.954545449127
0.954545449127
0.977272721854
1.0
1.0
1.0
1.0
1.0


val_loss:
0.197941601276
0.142133153975
0.115924098952
0.100029926408
0.0875074694102
0.0764279440045
0.0665546076542
0.0574909912592
0.0495918511667
0.0432544442063




classifier 45
acc:
0.869318181818
0.985795454545
1.0
1.0
1.0
1.0
1.0
1.0
1.0
1.0


loss:
0.342991430651
0.14958933199
0.0942362314937
0.063786693256
0.0448246173222
0.0332443688742
0.0252436302941
0.0199812184596
0.0163235130974
0.0137114963515


val_acc:
0.977272721854
1.0
1.0
1.0
1.0
1.0
1.0
1.0
1.0
1.0


val_loss:
0.184575019912
0.11018674482
0.0739437487315
0.0511809949848
0.0367423345081
0.0279887101867
0.0217607116157
0.0176982670514
0.0146267400335
0.0125358071686




classifier 46
acc:
0.857954545455
1.0
1.0
1.0
1.0
1.0
1.0
1.0
1.0
1.0


loss:
0.404582904144
0.187955909155
0.121367999776
0.0825259035284
0.0597536179491
0.0453582770106
0.0358009946279
0.0290369863876
0.0241782908243
0.0204168481287


val_acc:
1.0
1.0
1.0
1.0
1.0
1.0
1.0
1.0
1.0
1.0


val_loss:
0.23144253682
0.143204341558
0.0957635932348
0.067524638027
0.0503503416072
0.0391932764853
0.0314897526564
0.0259674603797
0.021852075334
0.0186162513723




classifier 47
acc:
0.886363636364
0.994318181818
1.0
1.0
1.0
1.0
1.0
1.0
1.0
1.0


loss:
0.331108571454
0.151180453598
0.0909175412221
0.0577090050686
0.0377965645695
0.025157995522
0.0165585884824
0.0109804717993
0.00726486433467
0.00468394985761


val_acc:
0.977272727273
1.0
1.0
1.0
1.0
1.0
1.0
1.0
1.0
1.0


val_loss:
0.187831397761
0.108590142971
0.0677237889983
0.0443512252109
0.0296375988559
0.0191501802342
0.0127567097714
0.00845392382788
0.00548472488299
0.00351358899339




classifier 48
acc:
0.863636363636
1.0
1.0
1.0
1.0
1.0
1.0
1.0
1.0
1.0


loss:
0.426111890511
0.211885846474
0.151861118322
0.116679479114
0.09092447839
0.0715978453782
0.0570154999467
0.0453881157393
0.0371594448489
0.0306491470811


val_acc:
1.0
1.0
1.0
1.0
1.0
1.0
1.0
1.0
1.0
1.0


val_loss:
0.248386748812
0.170480175452
0.129883476956
0.100532867692
0.078731733967
0.0628078515557
0.0498322204433
0.0401357720521
0.0330543262376
0.0276424127885




classifier 49
acc:
0.84375
0.96875
0.977272727273
0.974431818182
0.971590909091
0.980113636364
0.977272727273
0.974431818182
0.977272727273
0.96875


loss:
0.412468016148
0.195377884941
0.140206199478
0.108920019459
0.0996174158698
0.0783764487979
0.0740469897335
0.0703887063163
0.0618859526109
0.0708560760726


val_acc:
0.977272721854
0.977272721854
0.977272721854
0.977272721854
0.977272721854
0.977272721854
0.977272721854
0.977272721854
0.977272721854
0.977272721854


val_loss:
0.232278416103
0.155569617044
0.117404351858
0.0969630567865
0.0817346051335
0.0738709460605
0.0724929550832
0.0635032342239
0.0579393262213
0.0563536110249




classifier 50
acc:
0.849431818182
0.988636363636
0.988636363636
1.0
1.0
1.0
1.0
1.0
1.0
1.0


loss:
0.400889973749
0.226178925146
0.160201065242
0.120664521374
0.0921121388674
0.0720489207994
0.0585601795465
0.047800489786
0.0399112281474
0.0337466043843


val_acc:
0.977272721854
0.977272721854
1.0
1.0
1.0
1.0
1.0
1.0
1.0
1.0


val_loss:
0.2655795054
0.183684446595
0.133352480151
0.102090623568
0.0791781199249
0.0631147216667
0.0512966191904
0.0425860326399
0.0360251763328
0.0306613313204




classifier 51
acc:
0.84375
0.985795454545
1.0
1.0
1.0
1.0
1.0
1.0
1.0
1.0


loss:
0.349287520755
0.145889923654
0.0852359214967
0.0528254773129
0.0333443985067
0.0217742835256
0.0143407362259
0.00946444977837
0.00630315522325
0.00421069220862


val_acc:
0.977272727273
1.0
1.0
1.0
1.0
1.0
1.0
1.0
1.0
1.0


val_loss:
0.18477012488
0.103835961358
0.0628085779873
0.0395190671764
0.0256017372012
0.0168123956431
0.0111980541525
0.00734934248877
0.00492215520618
0.00330200807234




classifier 52
acc:
0.951704545455
1.0
1.0
1.0
1.0
1.0
1.0
1.0
1.0
1.0


loss:
0.298070887273
0.13232596625
0.0932811664587
0.0724419602616
0.0598091657527
0.0513264237988
0.0446225585924
0.0390506766906
0.0342697971077
0.029938864183


val_acc:
1.0
1.0
1.0
1.0
1.0
1.0
1.0
1.0
1.0
1.0


val_loss:
0.159931651571
0.105036415837
0.0791507227854
0.0640806345777
0.0543963372369
0.0471562802453
0.0412367118353
0.0362697622993
0.0316987505013
0.0278144262054




classifier 53
acc:
0.846590909091
0.960227272727
0.977272727273
0.988636363636
1.0
1.0
1.0
1.0
1.0
1.0


loss:
0.40693877231
0.220383359627
0.157852617177
0.117432030087
0.0920827205886
0.0731262615459
0.0592033741149
0.0486279522831
0.0405408276076
0.0343921858902


val_acc:
0.954545449127
0.977272727273
0.977272727273
1.0
1.0
1.0
1.0
1.0
1.0
1.0


val_loss:
0.258355318145
0.176526522095
0.1306581951
0.100028151138
0.07936950773
0.0639392015609
0.0523520504886
0.0433588085527
0.0367448687215
0.0315462027422




classifier 54
acc:
0.948863636364
1.0
1.0
1.0
1.0
1.0
1.0
1.0
1.0
1.0


loss:
0.263535845009
0.0884712948041
0.0492138327523
0.0321189796721
0.0232068237171
0.0182000587017
0.015179876545
0.0132597040025
0.0118761445205
0.0108313436398


val_acc:
1.0
1.0
1.0
1.0
1.0
1.0
1.0
1.0
1.0
1.0


val_loss:
0.117975421927
0.0612221895294
0.0374940508469
0.0263792652298
0.0200242014094
0.0162291637706
0.0139312547716
0.0123290196484
0.0112752555023
0.0103065292139




classifier 55
acc:
0.90625
0.982954545455
1.0
1.0
1.0
1.0
1.0
1.0
1.0
1.0


loss:
0.309278634461
0.133378463713
0.0856335291808
0.0608610697091
0.0459311033853
0.0365770929916
0.0302715050057
0.0263523987325
0.0233964654935
0.0211708546955


val_acc:
0.977272721854
1.0
1.0
1.0
1.0
1.0
1.0
1.0
1.0
1.0


val_loss:
0.161029668017
0.0995477309281
0.0693318908187
0.0506425403397
0.0395971846513
0.0323313820091
0.0276382883418
0.0244386296677
0.0219671052288
0.020096411283




classifier 56
acc:
0.855113636364
0.965909090909
0.977272727273
0.96875
0.980113636364
0.974431818182
0.974431818182
0.971590909091
0.974431818182
0.971590909091


loss:
0.359434878284
0.175352456895
0.126410150392
0.0976638887078
0.0769404691051
0.0685774358836
0.0605212673545
0.0612681461498
0.0516856107861
0.0526859438131


val_acc:
0.954545449127
0.977272727273
0.977272727273
0.977272727273
0.977272727273
0.977272727273
0.977272727273
0.977272727273
0.977272727273
0.977272727273


val_loss:
0.209193924611
0.145287573338
0.106599830091
0.082697879523
0.0709662413733
0.0598606601019
0.0543285595592
0.0503636215898
0.0475933586078
0.0456359428354




classifier 57
acc:
0.886363636364
0.991477272727
1.0
1.0
1.0
1.0
1.0
1.0
1.0
1.0


loss:
0.388978153467
0.194817559286
0.131859385493
0.0987002368678
0.0767013318837
0.0627777972682
0.0522767214782
0.0439699508927
0.0376131742854
0.0323429387909


val_acc:
1.0
1.0
1.0
1.0
1.0
1.0
1.0
1.0
1.0
1.0


val_loss:
0.23136461323
0.150171185082
0.109119082039
0.0840506871993
0.0673239861022
0.0554558661851
0.047171278772
0.0400312471796
0.0342833216895
0.0298810039054




classifier 58
acc:
0.872159090909
0.977272727273
0.991477272727
1.0
1.0
1.0
1.0
1.0
1.0
1.0


loss:
0.37644865567
0.148517658087
0.0849096388979
0.0528961116956
0.0338747961955
0.0214758220721
0.0137725139714
0.00891489743001
0.00570991294543
0.00368332601449


val_acc:
0.977272727273
0.977272727273
1.0
1.0
1.0
1.0
1.0
1.0
1.0
1.0


val_loss:
0.192122669383
0.104120531543
0.0632586882196
0.0403111492368
0.0256488668648
0.0162782926451
0.0104911628772
0.00680938930335
0.00443090208467
0.00278458997226




classifier 59
acc:
0.926136363636
0.991477272727
1.0
1.0
1.0
1.0
1.0
1.0
1.0
1.0


loss:
0.330849826336
0.149466177279
0.0945414711129
0.0626124851406
0.0429685867646
0.0308087203144
0.0229987162165
0.0177867683497
0.0143131244166
0.0117067114387


val_acc:
0.977272727273
1.0
1.0
1.0
1.0
1.0
1.0
1.0
1.0
1.0


val_loss:
0.184861817143
0.111214137213
0.0734527273612
0.0496706322513
0.0346823808822
0.02550154645
0.0196429569782
0.015483959959
0.0126923195467
0.0104282609483




classifier 60
acc:
0.875
1.0
1.0
1.0
1.0
1.0
1.0
1.0
1.0
1.0


loss:
0.3894943324
0.157437027178
0.0960439545187
0.0651403171095
0.0472753091969
0.0357378700917
0.0280654567124
0.0225228728219
0.0183835679835
0.0154179163722


val_acc:
1.0
1.0
1.0
1.0
1.0
1.0
1.0
1.0
1.0
1.0


val_loss:
0.197578772902
0.114286117933
0.0758268061009
0.053127350455
0.0399080145765
0.0307887680829
0.0245963734659
0.0198877738281
0.0164914869449
0.013970114968




classifier 61
acc:
0.914772727273
1.0
1.0
1.0
1.0
1.0
1.0
1.0
1.0
1.0


loss:
0.347733882341
0.164412554015
0.109330618923
0.0789513384754
0.0605591982603
0.0477415462109
0.0386860489168
0.0320225761865
0.0271795311181
0.0234808043831


val_acc:
1.0
1.0
1.0
1.0
1.0
1.0
1.0
1.0
1.0
1.0


val_loss:
0.200392450799
0.127291061661
0.089317701757
0.067130793902
0.0523802587254
0.0421667667952
0.0344422300431
0.0290848856623
0.0248388111253
0.0217917801982




classifier 62
acc:
0.957386363636
1.0
1.0
1.0
1.0
1.0
1.0
1.0
1.0
1.0


loss:
0.228896004232
0.0936694334854
0.0555737098171
0.0374249805781
0.0248714458536
0.0174646052447
0.0116864781911
0.00800096457401
0.00539161906239
0.00355196178002


val_acc:
1.0
1.0
1.0
1.0
1.0
1.0
1.0
1.0
1.0
1.0


val_loss:
0.121528205546
0.0663690208034
0.0423743403093
0.0287415524098
0.0198035255413
0.0135258642787
0.00917391326617
0.00614218329164
0.00428176709366
0.00279383481988




classifier 63
acc:
0.90625
0.980113636364
1.0
1.0
1.0
1.0
1.0
1.0
1.0
1.0


loss:
0.358595158566
0.180271125653
0.12203937498
0.0848473510282
0.0611118386415
0.0431306929412
0.0301846618002
0.0213941131634
0.0153002630581
0.0104730359533


val_acc:
0.954545459964
1.0
1.0
1.0
1.0
1.0
1.0
1.0
1.0
1.0


val_loss:
0.216170124032
0.138355291703
0.0968680341135
0.0693102770231
0.0506379143758
0.0357815711336
0.0250084234232
0.0171643395654
0.0119145717472
0.008486952802




classifier 64
acc:
0.957386363636
1.0
1.0
1.0
1.0
1.0
1.0
1.0
1.0
1.0


loss:
0.293728473512
0.11475831338
0.0677695734934
0.043231959878
0.0291476748376
0.0213298242201
0.0159098204564
0.0122700270519
0.00954970566619
0.00749813117066


val_acc:
1.0
1.0
1.0
1.0
1.0
1.0
1.0
1.0
1.0
1.0


val_loss:
0.147595648738
0.0818962576714
0.0513950418681
0.0338549802757
0.0243408322673
0.0178053653587
0.0135846407237
0.0105701082661
0.00829848132774
0.00641086987558




classifier 65
acc:
0.920454545455
0.943181818182
0.960227272727
0.96875
0.985795454545
1.0
1.0
1.0
1.0
1.0


loss:
0.282895330678
0.157137129794
0.117430536584
0.0942945602265
0.0762290710753
0.0633884607814
0.0521328566511
0.0428822140463
0.0361176788468
0.0306115367407


val_acc:
0.931818187237
0.954545459964
0.954545459964
0.977272721854
1.0
1.0
1.0
1.0
1.0
1.0


val_loss:
0.178133231672
0.1303635646
0.102629375729
0.0826751528816
0.0682419328527
0.0566286817193
0.046271238476
0.0386225466024
0.0326947823844
0.0277762534943




classifier 66
acc:
0.903409090909
0.977272727273
0.977272727273
0.994318181818
1.0
1.0
1.0
1.0
1.0
1.0


loss:
0.361739697781
0.156450089406
0.104200711643
0.0761300850321
0.057514233176
0.0459465545348
0.0355451884256
0.0280308518982
0.0216697199609
0.0167150651528


val_acc:
0.977272721854
0.977272721854
0.977272721854
1.0
1.0
1.0
1.0
1.0
1.0
1.0


val_loss:
0.192575469613
0.118903777816
0.0850939784538
0.0641815235669
0.0493597686291
0.0387454727157
0.0307384262031
0.0239308119159
0.0186401095919
0.0141596729782




classifier 67
acc:
0.951704545455
1.0
1.0
1.0
1.0
1.0
1.0
1.0
1.0
1.0


loss:
0.308908457106
0.123234405436
0.0744672803716
0.049297416244
0.0335612473163
0.0233173841103
0.016098191115
0.0110632182861
0.00769468684765
0.00527400632431


val_acc:
1.0
1.0
1.0
1.0
1.0
1.0
1.0
1.0
1.0
1.0


val_loss:
0.156614008275
0.0889936732975
0.0578095178035
0.0391689701514
0.0269937828522
0.0187249019403
0.012820772996
0.00892394052988
0.00613414563916
0.00418643259697




classifier 68
acc:
0.840909090909
0.977272727273
0.985795454545
1.0
1.0
1.0
1.0
1.0
1.0
1.0


loss:
0.427636254917
0.198809877715
0.133480749347
0.0925748490474
0.0697491961447
0.0551433371888
0.0454054535367
0.0386673716659
0.0337076270106
0.0296671122143


val_acc:
0.977272727273
0.977272727273
1.0
1.0
1.0
1.0
1.0
1.0
1.0
1.0


val_loss:
0.242440433665
0.15052004294
0.104583032429
0.0779137848453
0.0601490112868
0.0486602058465
0.0411358367313
0.0355348397385
0.0312120792541
0.0276615521447




classifier 69
acc:
0.849431818182
1.0
1.0
1.0
1.0
1.0
1.0
1.0
1.0
1.0


loss:
0.385732895949
0.168459327383
0.115292026915
0.0859745923768
0.0673065097495
0.0550388797102
0.0458711385727
0.0388759714975
0.0333754689729
0.0291222576899


val_acc:
1.0
1.0
1.0
1.0
1.0
1.0
1.0
1.0
1.0
1.0


val_loss:
0.202942115339
0.131824393164
0.0953402309255
0.0738121399825
0.0594527694312
0.0491761375557
0.041467977857
0.035443874584
0.0307309302417
0.0270100525496




classifier 70
acc:
0.889204545455
1.0
1.0
1.0
1.0
1.0
1.0
1.0
1.0
1.0


loss:
0.371362499215
0.137565536933
0.0917668586428
0.0692907057025
0.0553903032772
0.0456017828123
0.0382220719687
0.0326835142703
0.0282952129333
0.0248054829162


val_acc:
1.0
1.0
1.0
1.0
1.0
1.0
1.0
1.0
1.0
1.0


val_loss:
0.171333352273
0.106235896999
0.0768414085562
0.0604886392301
0.0491385080598
0.0410634567114
0.0347316038202
0.0300305245275
0.0261254141277
0.0230778398162




classifier 71
acc:
0.866477272727
0.994318181818
1.0
1.0
1.0
1.0
1.0
1.0
1.0
1.0


loss:
0.436100767417
0.210188834505
0.132372306152
0.0887579775669
0.0626912980594
0.0462239201773
0.0347267497246
0.0268076910553
0.0211762241935
0.0171776695008


val_acc:
0.977272721854
1.0
1.0
1.0
1.0
1.0
1.0
1.0
1.0
1.0


val_loss:
0.257888948376
0.155848698183
0.103315933862
0.0712410103191
0.0517825860191
0.0386411320757
0.0295366807417
0.0232011379505
0.0187091415917
0.015221320262




classifier 72
acc:
0.914772727273
0.977272727273
0.991477272727
1.0
1.0
1.0
1.0
1.0
1.0
1.0


loss:
0.362116141753
0.197111282836
0.141773261807
0.107789461586
0.0836563652212
0.0652435692874
0.0518987829035
0.0419256341728
0.0342905367301
0.0287865938365


val_acc:
0.977272721854
0.977272721854
1.0
1.0
1.0
1.0
1.0
1.0
1.0
1.0


val_loss:
0.229461946271
0.160516366363
0.119491058317
0.0918502407995
0.0715657398105
0.0566508024931
0.0453767857768
0.0370683165436
0.0309508679943
0.0261006981812




classifier 73
acc:
0.892045454545
0.96875
0.980113636364
0.980113636364
0.991477272727
1.0
1.0
1.0
1.0
1.0


loss:
0.36222468452
0.167953124101
0.118074392731
0.089223773642
0.0711617273363
0.0583507408473
0.048143259673
0.0402302421968
0.0333791195457
0.0274212235077


val_acc:
0.977272727273
0.977272721854
0.977272727273
0.977272727273
1.0
1.0
1.0
1.0
1.0
1.0


val_loss:
0.202880177986
0.136352472685
0.0982221412388
0.0781805576249
0.0624336485158
0.0516854968261
0.0428370389749
0.0359369645065
0.0296972190792
0.0247038826346




classifier 74
acc:
0.923295454545
0.994318181818
1.0
1.0
1.0
1.0
1.0
1.0
1.0
1.0


loss:
0.323107268323
0.14924881675
0.106115944684
0.082914118401
0.0668183751404
0.0551208076491
0.0460617003793
0.0389589951797
0.0333476410332
0.0286733130289


val_acc:
1.0
1.0
1.0
1.0
1.0
1.0
1.0
1.0
1.0
1.0


val_loss:
0.178635647351
0.119607535953
0.0908656933091
0.07280965759
0.0597141412171
0.049474851313
0.0416856218468
0.0356165980074
0.0304426628758
0.0263959651982




classifier 75
acc:
0.792613636364
0.985795454545
0.994318181818
1.0
1.0
1.0
1.0
1.0
1.0
1.0


loss:
0.489603096789
0.236811296506
0.155916360969
0.111514384096
0.0846722149713
0.0673129920932
0.0552472182634
0.0467156172645
0.0400340240872
0.0349722568962


val_acc:
0.977272721854
0.977272721854
1.0
1.0
1.0
1.0
1.0
1.0
1.0
1.0


val_loss:
0.288934677839
0.182337943803
0.125962115147
0.093959601088
0.0729085701433
0.0591741556471
0.049688952213
0.0424429476261
0.0368205620484
0.0319503813305




classifier 76
acc:
0.875
0.974431818182
1.0
1.0
1.0
1.0
1.0
1.0
1.0
1.0


loss:
0.392209727656
0.191739227284
0.123586549678
0.0846389921551
0.0610757507384
0.0463638673113
0.036503225565
0.0300399820236
0.0253975957801
0.0219562771751


val_acc:
0.954545454545
1.0
1.0
1.0
1.0
1.0
1.0
1.0
1.0
1.0


val_loss:
0.233029464429
0.144284163009
0.0976968035102
0.0689632272856
0.0510819229213
0.0398644913327
0.0324631333351
0.0270935461264
0.0232363775034
0.0203527376394




classifier 77
acc:
0.821022727273
0.977272727273
0.977272727273
1.0
1.0
1.0
1.0
1.0
1.0
1.0


loss:
0.473566727205
0.217581035061
0.136659840291
0.092206869613
0.0681947229261
0.0531073533507
0.0424793530256
0.0354220295664
0.0302333785221
0.0264320500745


val_acc:
0.977272727273
0.977272727273
1.0
1.0
1.0
1.0
1.0
1.0
1.0
1.0


val_loss:
0.272468523546
0.161872225729
0.106680762361
0.0764400495047
0.0580965338106
0.046239990741
0.0379137933593
0.0322628630833
0.0277988497506
0.0246717890894




classifier 78
acc:
0.803977272727
0.982954545455
1.0
1.0
1.0
1.0
1.0
1.0
1.0
1.0


loss:
0.506371823224
0.207661672072
0.124168937857
0.0802442417903
0.0542874153365
0.0387354191731
0.0287077281285
0.0222724121149
0.0179373286664
0.0151761565357


val_acc:
0.977272727273
1.0
1.0
1.0
1.0
1.0
1.0
1.0
1.0
1.0


val_loss:
0.263536897573
0.149049344388
0.0941281217066
0.0627388547767
0.0438648425043
0.0319970341569
0.0244817310436
0.0194227246737
0.0160907268186
0.0139802306552




classifier 79
acc:
0.792613636364
0.965909090909
1.0
1.0
1.0
1.0
1.0
1.0
1.0
1.0


loss:
0.455397022041
0.21637347476
0.141787425361
0.100876652382
0.0738117312166
0.0558842711828
0.0426858172498
0.0328308816322
0.0257480995391
0.0206970362077


val_acc:
0.954545449127
1.0
1.0
1.0
1.0
1.0
1.0
1.0
1.0
1.0


val_loss:
0.265524808656
0.165457920595
0.11504719
0.0834005265073
0.062296487391
0.0476049181413
0.0366976464337
0.0284014665945
0.0226103412834
0.0184209919111




classifier 80
acc:
0.880681818182
0.977272727273
0.985795454545
1.0
1.0
1.0
1.0
1.0
1.0
1.0


loss:
0.418054618619
0.251105920835
0.184172712944
0.138115194711
0.106152542613
0.0829237906093
0.0655638802458
0.0519306287169
0.0416541847993
0.0339113429866


val_acc:
0.977272727273
0.977272727273
1.0
1.0
1.0
1.0
1.0
1.0
1.0
1.0


val_loss:
0.289455671202
0.209574007175
0.153473847292
0.117201299153
0.0905907966874
0.0714644640684
0.0569510039958
0.0453425229273
0.0367502326315
0.0301498537037




classifier 81
acc:
0.880681818182
0.977272727273
1.0
1.0
1.0
1.0
1.0
1.0
1.0
1.0


loss:
0.387425560843
0.221049169925
0.157016770406
0.119585989551
0.0942967886275
0.0760278722102
0.0628741515631
0.0526914826848
0.0445719352839
0.0384737579152


val_acc:
0.977272721854
1.0
1.0
1.0
1.0
1.0
1.0
1.0
1.0
1.0


val_loss:
0.257188702171
0.176769125191
0.131664090536
0.103040069342
0.0824038223787
0.0675023259087
0.0563876886259
0.0474828278477
0.0408627885309
0.0353852662851




classifier 82
acc:
0.920454545455
0.977272727273
0.982954545455
1.0
1.0
1.0
1.0
1.0
1.0
1.0


loss:
0.33509045162
0.165371209383
0.12243184786
0.0993734422055
0.0827663960782
0.0702395168218
0.0598355013538
0.0515565624969
0.0444813345305
0.038651726124


val_acc:
0.977272721854
0.977272721854
1.0
1.0
1.0
1.0
1.0
1.0
1.0
1.0


val_loss:
0.1947379478
0.135144683448
0.107238767499
0.088554167612
0.0751034908674
0.0637872578068
0.0545427386056
0.0473134910518
0.0410425408997
0.0356122878465




classifier 83
acc:
0.889204545455
0.997159090909
1.0
1.0
1.0
1.0
1.0
1.0
1.0
1.0


loss:
0.371905711564
0.183181653646
0.126836098053
0.0973674663427
0.0787810249762
0.0651327615434
0.0545616485178
0.0463479157876
0.0400252672209
0.0346876075491


val_acc:
1.0
1.0
1.0
1.0
1.0
1.0
1.0
1.0
1.0
1.0


val_loss:
0.221352394332
0.143699774688
0.107217341661
0.0853635689074
0.0700687718662
0.0586425275965
0.0494286749851
0.0423071553761
0.0368150462481
0.0319861769676




classifier 84
acc:
0.832386363636
0.980113636364
0.997159090909
1.0
1.0
1.0
1.0
1.0
1.0
1.0


loss:
0.453971106898
0.210071741857
0.144983045757
0.110894784331
0.0897683403031
0.0747543397275
0.063077874143
0.0543169631538
0.0470843486149
0.0412118819288


val_acc:
0.977272727273
1.0
1.0
1.0
1.0
1.0
1.0
1.0
1.0
1.0


val_loss:
0.251673267646
0.165001724254
0.12308610163
0.0973580676046
0.080082825639
0.0674232711846
0.0577111670917
0.049970715222
0.043474404988
0.0383305424316




classifier 85
acc:
0.897727272727
0.977272727273
0.977272727273
0.977272727273
0.980113636364
0.977272727273
1.0
1.0
1.0
1.0


loss:
0.330787436529
0.183089714159
0.131415395574
0.103115071627
0.0864485854452
0.0752816389907
0.0663665429774
0.0588449008594
0.0523070127449
0.0461590414528


val_acc:
0.977272727273
0.977272727273
0.977272727273
0.977272727273
0.977272727273
1.0
1.0
1.0
1.0
1.0


val_loss:
0.213404904712
0.148493768139
0.112463961271
0.0923667224971
0.0795571373945
0.0698119361292
0.0617940280248
0.0548613047735
0.0485840829259
0.0430694957348




classifier 86
acc:
0.909090909091
0.977272727273
1.0
1.0
1.0
1.0
1.0
1.0
1.0
1.0


loss:
0.354576492851
0.178490571
0.123070069335
0.0933493335139
0.0749623870308
0.0621800964529
0.0530573014509
0.0460765615783
0.0403771495277
0.0357169803571


val_acc:
0.954545454545
1.0
1.0
1.0
1.0
1.0
1.0
1.0
1.0
1.0


val_loss:
0.211944091049
0.140602090142
0.103211646053
0.081296054477
0.0668016963384
0.0566084930165
0.0487934997813
0.0427676507018
0.0376447937028
0.0333562344313




classifier 87
acc:
0.90625
0.977272727273
1.0
1.0
1.0
1.0
1.0
1.0
1.0
1.0


loss:
0.371808382598
0.185234946283
0.124714742669
0.0936396548694
0.0741124938835
0.0608475106684
0.0515278174796
0.0445536463098
0.038758832792
0.0338525832419


val_acc:
0.977272727273
1.0
1.0
1.0
1.0
1.0
1.0
1.0
1.0
1.0


val_loss:
0.222355200486
0.142960835587
0.103383220055
0.0807463567365
0.065675159747
0.0548292784528
0.0470544255593
0.0411330292171
0.0357543020086
0.0314005403356




classifier 88
acc:
0.909090909091
0.988636363636
1.0
1.0
1.0
1.0
1.0
1.0
1.0
1.0


loss:
0.358755859462
0.188955888152
0.139672617343
0.11343472688
0.0957334597002
0.0827880491587
0.0728247108107
0.064834642478
0.0577725520865
0.0514029356736


val_acc:
0.977272727273
1.0
1.0
1.0
1.0
1.0
1.0
1.0
1.0
1.0


val_loss:
0.223257273436
0.154697007754
0.122819685123
0.102162270383
0.0878480876034
0.0767712464387
0.0681375813755
0.0607758001848
0.0541097399863
0.0480653575876




classifier 89
acc:
0.943181818182
1.0
1.0
1.0
1.0
1.0
1.0
1.0
1.0
1.0


loss:
0.373250514269
0.209021026438
0.15606152334
0.124646911567
0.1014418094
0.0846073119478
0.0709664242511
0.0602380877191
0.0515676714819
0.0447638881477


val_acc:
1.0
1.0
1.0
1.0
1.0
1.0
1.0
1.0
1.0
1.0


val_loss:
0.241933031516
0.173453486779
0.135947406292
0.109948039055
0.091693196107
0.0762054940516
0.0642670718106
0.0549590743401
0.0474785603583
0.041424960914




classifier 90
acc:
0.90625
0.988636363636
1.0
1.0
1.0
1.0
1.0
1.0
1.0
1.0


loss:
0.3273770904
0.136772963134
0.084914915941
0.0602222730152
0.0458650177514
0.0366326844828
0.0305782270364
0.0265228062529
0.0235177722908
0.0212725786259


val_acc:
0.977272727273
1.0
1.0
1.0
1.0
1.0
1.0
1.0
1.0
1.0


val_loss:
0.170363936912
0.100731800226
0.0674357685176
0.050074278631
0.0396184017035
0.0326725976034
0.0280047072606
0.0245497609404
0.0220716443251
0.020195079798




classifier 91
acc:
0.875
0.954545454545
0.954545454545
0.957386363636
0.977272727273
0.977272727273
0.977272727273
0.977272727273
0.977272727273
0.977272727273


loss:
0.337738769976
0.174927433106
0.137727447531
0.118757794526
0.106137146665
0.0965056717396
0.0890085183253
0.0822555361824
0.0766118256883
0.0716809505089


val_acc:
0.954545454545
0.954545454545
0.954545454545
0.977272727273
0.977272727273
0.977272727273
0.977272727273
0.977272727273
0.977272727273
0.977272727273


val_loss:
0.199795040217
0.149095379493
0.125130526044
0.110680181194
0.100179325451
0.0916595025496
0.0848642960191
0.078699437732
0.0734251222827
0.0690416090868




classifier 92
acc:
0.838068181818
0.982954545455
1.0
1.0
1.0
1.0
1.0
1.0
1.0
1.0


loss:
0.407980133187
0.208264850757
0.146491576325
0.11123132638
0.0883006169037
0.0721569792791
0.0609462972392
0.0520408324559
0.0450958187946
0.039628778923


val_acc:
0.977272727273
1.0
1.0
1.0
1.0
1.0
1.0
1.0
1.0
1.0


val_loss:
0.248004431074
0.166311040521
0.122100844979
0.0956149995327
0.0771585404873
0.0648690455339
0.05545596372
0.0480210787871
0.0416524694725
0.0368086140264




classifier 93
acc:
0.948863636364
1.0
1.0
1.0
1.0
1.0
1.0
1.0
1.0
1.0


loss:
0.347938173197
0.20017832924
0.15811921182
0.135320206935
0.120547672564
0.109300943938
0.099960916083
0.091676029292
0.0840484723449
0.0768300294876


val_acc:
1.0
1.0
1.0
1.0
1.0
1.0
1.0
1.0
1.0
1.0


val_loss:
0.229515349323
0.170538696376
0.143075903708
0.126058640805
0.113973469897
0.103855110028
0.0952575010332
0.0872897912155
0.0800108808008
0.0730091455308




classifier 94
acc:
0.883522727273
0.980113636364
1.0
1.0
1.0
1.0
1.0
1.0
1.0
1.0


loss:
0.370892771266
0.184915014289
0.133274123073
0.106408714571
0.0897462252866
0.0779179407453
0.0687455866824
0.0612238787792
0.0549092611129
0.0494222563099


val_acc:
1.0
1.0
1.0
1.0
1.0
1.0
1.0
1.0
1.0
1.0


val_loss:
0.215363577008
0.148530362682
0.11534747075
0.0955343036489
0.0822183950381
0.0723188810728
0.0642274442044
0.0574380504814
0.0516724569554
0.0466398071836




classifier 95
acc:
0.911931818182
1.0
1.0
1.0
1.0
1.0
1.0
1.0
1.0
1.0


loss:
0.37662050128
0.192879939621
0.140368053182
0.112921381539
0.0958730009469
0.0845908509059
0.0762177719311
0.0698205828667
0.0646209508519
0.0599054826254


val_acc:
1.0
1.0
1.0
1.0
1.0
1.0
1.0
1.0
1.0
1.0


val_loss:
0.227988467975
0.156541212039
0.122472219846
0.101543102752
0.0887815654278
0.0794341862202
0.072399509224
0.0667440681295
0.0620220906355
0.0574156702919




classifier 96
acc:
0.857954545455
0.985795454545
0.997159090909
1.0
1.0
1.0
1.0
1.0
1.0
1.0


loss:
0.427397619594
0.236296611753
0.174549573524
0.136281923137
0.112409056588
0.094355456531
0.0811861851676
0.0702135369859
0.0612209056589
0.0534316792407


val_acc:
0.954545459964
1.0
1.0
1.0
1.0
1.0
1.0
1.0
1.0
1.0


val_loss:
0.274665699764
0.192441180348
0.148638054729
0.121007538655
0.10101861168
0.0859114581888
0.0746134417978
0.0646982863545
0.0564830960198
0.0493054843762




classifier 97
acc:
0.965909090909
1.0
1.0
1.0
1.0
1.0
1.0
1.0
1.0
1.0


loss:
0.333362973549
0.179169062864
0.135809987783
0.110358820043
0.0930420349945
0.0802114836194
0.070036067204
0.0613082281568
0.0539506645027
0.047458618202


val_acc:
1.0
1.0
1.0
1.0
1.0
1.0
1.0
1.0
1.0
1.0


val_loss:
0.208269819617
0.148915145885
0.11878091571
0.0994352921844
0.0852041589943
0.0741506442428
0.0649000416425
0.056976700371
0.0499913380905
0.0441778302193




classifier 98
acc:
0.917613636364
0.991477272727
1.0
1.0
1.0
1.0
1.0
1.0
1.0
1.0


loss:
0.310308972543
0.160079056566
0.115682828833
0.0897353504869
0.0728627124971
0.0614538179203
0.0532531045716
0.0470418589698
0.041847246953
0.0377566130112


val_acc:
0.977272727273
1.0
1.0
1.0
1.0
1.0
1.0
1.0
1.0
1.0


val_loss:
0.187794610858
0.128995948217
0.0988997031342
0.0787132517858
0.0655982744965
0.0561944022775
0.0492578670382
0.0438762310554
0.03942393139
0.0356756922874




classifier 99
acc:
0.815340909091
0.980113636364
1.0
1.0
1.0
1.0
1.0
1.0
1.0
1.0


loss:
0.465870822018
0.236286828464
0.167234027928
0.12901211259
0.105147371577
0.0894141502001
0.0782833722505
0.0700538006019
0.0638691484928
0.0586618019099


val_acc:
0.954545454545
1.0
1.0
1.0
1.0
1.0
1.0
1.0
1.0
1.0


val_loss:
0.281290864403
0.188360454007
0.141395097429
0.113374835388
0.0951302349567
0.082378110425
0.073069317097
0.0662035569549
0.0607293359935
0.0557412691414



choose    1    1
a    0    0
crystal    0    0
that    0    0
works    0    0
for    0    0
you    0    0
open    1    0
your    0    0
mind    0    0
to    0    0
the    0    0
idea    0    0
that    0    0
each    0    0
crystal    0    0
has    0    0
an    0    0
exclusive    0    0
'energy    0    0
medicine'    0    0
that    0    0
can    0    0
assist    0    1
you    0    0
in    0    0
your    0    0
life    0    0
right    0    0
now    0    0
remember    1    0
the    0    0
Ancients    0    0
have    0    1
known    0    0
about    0    1
the    0    0
power    0    0
of    0    0
crystals    0    0
for    0    0
centuries    0    0
allow    1    0
yourself    0    0
to    0    0
be    0    0
intuitive    0    0
to    0    0
the    0    0
process    0    0
of    0    0
choosing    0    1
a    0    0
crystal    0    0
instead    0    0
of    0    0
thinking    0    0
too    0    0
much    0    0
about    0    0
it    0    0
so    0    0
'think    1    0
less    0    0
and    0    0
feel    1    0
more'    0    0
be    1    0
specific    0    1
about    0    0
your    0    0
issue    0    0
before    0    0
choosing    1    0
a    0    0
crystal    0    0
so    0    0
take    0    1
some    0    0
time    0    0
to    0    0
write    1    1
down    0    0
the    0    0
problem    0    0
that    0    0
you    0    0
want    0    1
some    0    0
healing    0    1
energy    0    0
assistance    0    0
with    0    0
ask    1    0
the    0    0
Universe    0    0
just    0    0
before    0    1
you    0    0
are    0    1
check    1    1
for    0    0
Diagnostic    0    0
Trouble    0    0
Codes    0    0
get    1    1
into    0    0
your    0    0
vehicle    0    0
and    0    0
make    1    1
sure    0    0
the    0    0
hood    0    0
rear    0    0
tailgate    0    1
and    0    0
all    0    0
doors    0    0
on    0    0
your    0    0
vehicle    0    0
are    0    1
shut    0    0
insert    1    1
your    0    0
key    0    0
into    0    0
the    0    0
ignition    0    0
slot    0    0
and    0    0
turn    1    1
it    0    0
from    0    0
'Off'    0    0
to    0    0
'On'    0    0
3-5    0    0
times    0    0
until    0    0
'DTC    0    0
REPORT'    0    0
appears    0    1
in    0    0
the    0    0
odometer    0    0
display    0    0
for    0    0
2005-2010    0    0
models    0    0
or    0    0
the    0    0
DTC's    0    0
start    0    0
displaying    0    0
on    0    0
1999-2004    0    0
models    0    0
write    1    1
down    0    0
all    0    0
codes    0    0
starting    0    0
with    0    0
the    0    0
letter    0    0
'P'    0    0
and    0    0
ending    0    0
with    0    0
4    0    1
numbers    0    0
0-9    0    0
shut    1    0
your    0    0
vehicle    0    0
off    0    0
search    1    0
online    0    0
for    0    0
your    0    0
DTC    0    0
code    0    0
it    0    0
is    0    0
generic    0    0
for    0    0
all    0    0
vehicles    0    0
made    0    0
after    0    0
1997    0    0
null    0    0
null    0    0
null    0    0
null    0    0
null    0    0
null    0    0
null    0    0
wash    1    1
and    0    0
wax    1    0
a    0    0
car    0    0
with    0    0
waterless    0    0
carwash    0    0
all    0    0
you    0    0
need    1    0
is    0    0
waterless    0    0
carwash    0    0
1    0    0
or    0    0
2    0    0
microfiber    0    0
cloths    0    0
and    0    0
a    0    0
little    0    0
bit    0    0
of    0    0
shade    0    0
of    0    0
course    0    0
you    0    0
might    0    0
want    0    0
to    0    0
wash    1    0
your    0    0
car    0    0
with    0    0
water    0    0
and    0    0
soap    0    0
if    0    0
it's    0    0
very    0    0
dirty    0    0
before    0    0
proceeding    0    0
with    0    0
the    0    0
waterless    0    0
carwash-wax    0    0
lightly    0    0
cover    1    0
a    0    0
section    0    0
or    0    0
the    0    0
entire    0    0
microfiber    0    0
cloth    0    0
with    0    0
few    0    0
sprays    0    0
of    0    0
waterless    0    0
carwash    0    0
-    0    0
wax    1    0
or    0    0
spray    1    1
product    0    0
3    0    0
or    0    0
4    0    0
times    0    1
directly    0    0
on    0    0
the    0    0
car    0    0
wipe    1    0
in    0    0
circular    0    0
motion    0    0
until    0    1
product    0    0
is    0    0
completely    0    0
and    0    0
evenly    0    0
applied    0    1
use    1    1
a    0    0
dry    0    0
part    0    0
of    0    0
the    0    0
same    0    0
microfiber    0    0
cloth    0    0
or    0    0
use    1    1
a    0    0
new    0    0
register    1    1
your    0    0
vehicle    0    0
in    0    0
California    0    0
ensure    1    1
that    0    0
you    0    0
have    1    1
the    0    0
title    0    0
or    0    0
pink    0    0
slip    0    1
for    0    0
the    0    0
vehicle    0    0
from    0    0
the    0    0
other    0    0
state    0    1
get    1    0
a    0    0
smog    0    0
check    0    0
if    0    0
your    0    0
vehicle    0    0
is    0    0
diesel    0    0
the    0    0
smog    0    0
check    1    1
is    0    0
required    0    0
for    0    0
only    0    0
those    0    0
vehicles    0    0
manufactured    0    0
from    0    0
1996    0    0
and    0    0
newer    0    0
obtain    1    1
a    0    0
VIN    0    0
verification    0    0
get    1    0
this    0    0
from    0    0
either    0    0
law    0    0
enforcement    0    0
CA    0    0
DMV    0    1
or    0    0
a    0    0
private    0    0
licensed    0    0
VIN    0    0
verifier    0    0
visit    1    1
your    0    0
local    0    0
DMV    0    0
and    0    0
deposit    1    1
the    0    0
registration    0    0
fees    0    0
you    0    0
may    0    0
wish    0    0
to    0    0
seek    1    1
the    0    0
advice    0    0
of    0    0
a    0    0
professional    0    0
registration    0    0
service    0    0
before    0    0
going    1    0
to    0    0
the    0    0
DMV    0    0
obtain    1    1
a    0    0
copy    0    0
of    0    0
your    0    0
out    0    0
of    0    0
state    0    0
registration    0    0
or    0    0
vehicle    0    0
record    0    0
remove    1    1
a    0    0
steering    0    0
wheel    0    0
from    0    0
a    0    0
tractor    0    0
assemble    1    1
the    0    0
items    0    0
needed    0    0
park    1    0
the    0    0
tractor    0    0
somewhere    0    0
safe    0    0
and    0    0
ensure    1    1
that    0    0
it    0    0
is    0    0
completely    0    0
turned    0    0
off    0    0
and    0    0
it    0    0
is    0    0
sitting    0    0
where    0    0
it    0    0
cannot    0    0
move    0    1
slacken    1    0
the    0    0
centre    0    0
nut    0    0
first    0    0
by    0    0
backing    1    0
it    0    0
off    0    0
by    0    0
a    0    0
few    0    0
turns    0    0
but    0    0
leaving    1    1
it    0    0
in    0    0
place    0    0
place    1    0
the    0    0
puller    0    0
on    0    0
the    0    0
steering    0    0
wheel    0    0
to    0    0
avoid    0    0
damaging    0    0
the    0    0
centering    0    0
tip    0    0
of    0    0
the    0    0
puller    0    0
place    1    0
a    0    0
few    0    0
washers    0    0
under    0    0
the    0    0
screw    0    1
once    0    0
the    0    0
steering    0    0
wheel    0    0
has    0    0
moved    1    1
the    0    0
retaining    0    0
centre    0    0
nut    0    0
should    0    0
be    0    1
removed    1    1
insert    1    0
the    0    0
ratchet    0    0
as    0    0
shown    0    0
in    0    0
the    0    0
image    0    0
apply    1    0
just    0    0
the    0    0
minimum    0    0
amount    0    0
of    0    0
start    1    1
free    0    0
pilot    0    0
training    0    0
online    0    0
with    0    0
AOPA    0    0
go    1    0
to    0    0
AOPA's    0    0
website    0    0
and    0    0
click    1    1
on    0    0
Login    0    0
then    0    0
scroll    1    0
down    0    0
to    0    0
Create    0    1
an    0    0
Account    0    0
however    0    0
you    0    0
still    0    0
need    0    0
to    0    0
open    1    0
an    0    0
account    0    0
to    0    0
take    1    1
any    0    0
of    0    0
the    0    0
online    0    0
courses    0    0
hover    1    1
over    0    0
Training    0    0
and    0    0
Safety    0    0
then    0    0
scroll    1    1
down    0    0
to    0    0
select    1    1
On    0    1
Line    0    0
Learning    0    0
then    0    0
Online    0    0
Courses    0    0
look    1    1
through    0    0
the    0    0
pilot    0    0
training    0    0
courses    0    0
you    0    0
can    0    0
take    1    1
any    0    0
listed    0    0
course    0    0
at    0    0
no    0    0
cost    0    0
to    0    0
you    0    0
start    1    0
with    0    0
one    0    0
of    0    0
the    0    0
recommended    0    1
beginning    0    0
classes    0    0
verify    1    1
that    0    0
your    0    0
progress    0    0
is    0    0
being    0    0
recorded    0    0
as    0    0
you    0    0
finish    0    1
courses    0    0
just    0    0
click    1    1
on    0    0
Air    0    1
Safety    0    0
Institute    0    0
then    0    0
ASI    0    0
Transcript    0    0
if    0    0
you    0    0
stay    1    1
safe    0    0
in    0    0
a    0    0
parking    0    0
garage    0    0
when    0    0
entering    1    0
store    0    0
park    0    0
next    0    0
to    0    0
the    0    0
nearest    0    0
lit    0    0
spot    0    1
even    0    0
parking    1    0
next    0    0
to    0    0
a    0    0
little    0    0
of    0    0
light    0    0
is    0    0
better    0    0
then    0    0
no    0    0
light    0    0
at    0    0
all    0    0
avoid    1    0
parking    1    0
next    0    0
to    0    0
a    0    0
van    0    0
while    0    0
in    0    0
the    0    0
car    0    0
write    1    1
down    0    0
on    0    0
a    0    0
piece    0    0
of    0    0
paper    0    0
the    0    0
spot    0    0
of    0    0
where    0    0
you've    0    0
parked    0    1
try    0    0
to    0    0
memorize    1    1
where    0    0
you've    0    0
parked    0    0
lock    1    0
your    0    0
car    0    0
doors    0    0
and    0    0
windows    0    0
thoroughly    0    1
keep    1    1
easy    0    1
weapons    0    0
such    0    0
as    0    0
pepper    0    1
spray    0    1
or    0    0
other    0    0
easy    0    0
self    0    0
defense    0    0
tools    0    0
if    0    1
you    0    0
feel    1    0
unsafe    0    0
in    0    0
the    0    0
parking    0    0
garage    0    0
put    1    1
one    0    0
of    0    0
your    0    0
self    0    0
defense    0    0
items    0    0
in    0    0
your    0    0
purse    0    0
of    0    0
jacket    0    0
stock    1    1
a    0    0
car    0    0
trunk    0    0
with    0    0
necessities    0    0
add    1    1
emergency    0    0
supplies    0    0
and    0    0
vehicle    0    0
maintenance    0    0
tools    0    0
use    1    1
a    0    0
container    0    0
to    0    0
hold    1    0
groceries    0    0
a    0    0
crate    0    0
can    0    0
be    0    0
useful    0    0
for    0    0
groceries    0    0
so    0    0
that    0    0
they    0    0
don't    0    0
roll    0    1
and    0    0
tumble    0    1
when    0    0
you    0    0
drive    0    0
home    0    0
and    0    0
if    0    0
you    0    0
live    1    1
a    0    0
good    0    0
distance    0    0
from    0    0
the    0    0
grocery    0    0
store    0    0
you    0    0
can    0    0
put    1    1
a    0    0
cooler    0    0
in    0    0
the    0    0
truck    0    0
just    0    0
remember    1    1
to    0    0
buy    1    1
ice    0    0
when    0    0
you    0    0
are    0    0
at    0    0
the    0    0
check    0    1
out    0    0
add    1    1
rain    0    0
gear    0    0
for    0    0
those    0    0
days    0    0
when    0    0
you    0    0
get    0    1
caught    1    0
out    0    0
leave    1    0
a    0    0
pair    0    0
of    0    0
good    0    0
walking    0    0
shoes    0    0
in    0    0
the    0    0
back    0    0
of    0    0
the    0    0
car    0    0
if    0    0
you    0    0
live    1    1
in    0    0
an    0    0
area    0    0
prone    0    0
to    0    0

predicted results:


text_num: 0
pr:[1 0 0 0 0 0 0 0 0 0 0 0 0 0 0 0 0 0 0 0 0 0 0 1 0 0 0 0 0 0 0 0 0 1 0 1 0
 0 0 0 0 0 0 0 0 0 0 0 0 0 0 1 0 0 0 0 0 0 0 0 0 0 0 0 0 0 0 0 1 0 0 0 0 0
 0 0 0 1 0 0 0 1 0 0 0 0 0 1 0 1 0 0 0 0 0 0 0 1 0 1]
t_label:[1 0 0 0 0 0 0 1 0 0 0 0 0 0 0 0 0 0 0 0 0 0 0 0 0 0 0 0 0 0 1 0 0 0 0 0 0
 0 0 0 0 0 1 0 0 0 0 0 0 0 0 0 0 0 0 0 0 0 0 0 0 0 1 0 0 1 0 1 0 0 0 0 0 1
 0 0 0 0 0 0 0 1 0 0 0 0 0 0 0 0 0 0 0 1 0 0 0 0 0 0]
actions: 10
right_actions: 2
tag_actions: 12
recall: 0.200000
precision: 0.166667
f_measure: 0.181818

text_num: 1
pr:[1 0 0 0 0 1 0 0 0 0 1 0 0 0 0 1 0 0 0 0 0 0 1 0 1 0 0 0 0 0 0 0 1 0 0 0 0
 0 0 0 0 0 0 1 0 0 0 0 0 0 0 0 0 0 0 0 0 0 0 1 0 0 0 0 0 0 0 0 0 0 0 1 0 0
 0 0 0 0 0 0 0 0 0 0 0 0 0 0 0 0 0 0 0 0 0 0 0 0 0 0]
t_label:[1 0 0 0 0 1 0 0 0 0 1 0 0 0 0 0 0 0 0 0 0 0 0 0 1 0 0 0 0 0 0 0 1 0 0 0 0
 0 0 0 0 0 0 0 0 0 0 0 0 0 0 0 0 0 0 0 0 0 0 1 0 0 0 0 0 0 0 0 0 0 0 0 0 0
 1 0 0 0 1 0 0 0 0 0 0 0 0 0 0 0 0 0 0 0 0 0 0 0 0 0]
actions: 8
right_actions: 6
tag_actions: 10
recall: 0.750000
precision: 0.600000
f_measure: 0.666667

text_num: 2
pr:[1 0 0 0 0 0 0 0 0 0 0 0 0 0 0 0 0 0 0 0 0 0 0 0 0 0 0 0 0 0 0 0 0 0 0 0 0
 0 0 0 0 0 0 0 0 0 0 0 0 0 0 0 0 0 0 0 0 0 0 0 0 0 0 0 0 0 1 0 0 0 0 1 0 0
 0 0 0 0 0 0 1 0 0 0 0 0 1 1 0 0 0 0 0 0 0 0 0 1 0 0]
t_label:[1 0 1 0 0 0 0 0 0 0 1 0 0 0 0 0 0 0 0 0 0 0 0 0 0 0 0 0 0 0 0 1 0 0 0 0 0
 0 0 0 0 0 0 0 0 0 0 0 0 1 0 0 0 0 0 0 0 0 0 0 0 0 0 0 1 0 1 0 0 0 0 0 0 0
 0 0 1 0 0 0 0 0 0 0 0 0 0 1 0 0 0 0 0 0 0 0 0 1 0 0]
actions: 10
right_actions: 4
tag_actions: 7
recall: 0.400000
precision: 0.571429
f_measure: 0.470588

text_num: 3
pr:[1 0 0 0 0 1 0 0 1 0 0 0 0 1 0 0 0 0 0 0 1 0 0 0 0 0 0 0 0 0 0 0 1 0 0 0 0
 0 0 0 0 0 0 0 1 0 0 0 0 0 0 0 0 0 0 1 0 0 0 0 0 0 1 0 0 0 0 1 0 0 0 0 0 0
 0 1 0 0 0 0 0 0 0 0 0 0 0 0 1 0 0 0 0 0 0 0 0 0 0 0]
t_label:[1 0 0 0 0 1 0 0 1 0 0 0 0 0 0 0 0 0 0 0 0 1 0 0 0 0 0 0 0 0 0 0 1 0 0 0 0
 0 0 0 0 0 0 0 1 0 0 0 1 0 0 0 0 0 0 0 0 0 0 0 0 0 1 0 0 0 0 1 0 0 0 0 0 0
 0 1 0 0 0 0 0 0 0 0 1 0 0 0 1 0 0 0 0 0 0 0 0 0 0 0]
actions: 12
right_actions: 9
tag_actions: 12
recall: 0.750000
precision: 0.750000
f_measure: 0.750000

text_num: 4
pr:[1 0 0 0 0 0 0 1 0 0 0 0 0 0 0 0 0 1 0 0 0 0 0 0 0 0 0 0 0 0 0 1 0 0 0 0 0
 0 0 0 0 0 0 0 0 0 1 0 0 0 0 0 0 0 0 0 0 0 0 0 0 0 0 0 0 0 0 0 0 0 0 0 1 0
 0 0 0 0 1 0 0 0 0 0 1 1 0 0 0 0 0 0 0 0 0 0 0 0 0 0]
t_label:[1 0 0 0 0 0 0 1 0 0 0 1 0 0 0 0 0 1 0 0 0 0 0 0 0 0 0 0 0 0 0 0 1 0 0 0 0
 0 1 0 0 0 0 0 0 0 1 0 0 0 1 0 0 0 0 0 0 0 0 0 0 0 0 0 0 0 1 0 0 0 0 0 0 0
 0 0 0 0 1 0 0 0 0 0 0 1 1 0 0 0 0 0 0 0 1 0 0 0 0 0]
actions: 13
right_actions: 6
tag_actions: 9
recall: 0.461538
precision: 0.666667
f_measure: 0.545455

text_num: 5
pr:[1 0 0 0 0 0 0 0 0 0 0 0 1 0 0 0 0 0 0 1 0 0 0 0 0 0 0 0 0 0 0 1 0 0 0 0 0
 1 0 0 0 0 0 1 0 0 1 1 0 0 0 0 0 1 0 0 0 0 0 0 0 1 0 0 0 0 0 0 0 0 0 0 0 0
 0 1 0 0 1 0 0 0 0 0 0 0 0 1 0 0 1 0 1 0 0 0 0 0 0 0]
t_label:[1 0 0 0 0 0 0 1 0 0 0 0 1 0 0 0 1 0 0 0 0 0 0 0 0 0 0 1 0 0 0 1 0 0 0 0 0
 1 0 0 0 0 0 1 0 0 1 0 0 0 0 0 0 1 0 0 0 0 0 0 0 1 0 0 0 0 0 0 0 0 1 0 0 0
 0 0 0 0 1 0 0 0 0 0 0 0 0 0 0 0 1 0 0 0 0 0 0 0 0 0]
actions: 14
right_actions: 10
tag_actions: 15
recall: 0.714286
precision: 0.666667
f_measure: 0.689655

text_num: 6
pr:[1 0 0 0 0 0 0 0 0 0 0 0 0 0 0 1 0 0 0 0 0 0 0 0 0 0 0 0 0 0 0 0 0 0 0 0 0
 0 0 0 0 1 0 0 0 0 0 0 0 0 0 0 0 1 0 0 1 0 0 0 0 0 0 0 0 0 1 1 1 0 0 0 1 1
 0 0 0 0 0 0 1 0 0 0 0 0 0 0 1 0 0 0 0 0 0 0 0 0 0 0]
t_label:[1 0 0 0 0 0 0 1 0 0 0 0 0 0 0 0 0 1 0 0 0 0 0 0 0 0 0 0 0 0 0 1 1 0 0 0 0
 0 0 0 0 1 0 0 0 0 0 0 0 0 0 0 0 0 0 0 1 0 0 0 1 0 0 0 0 0 0 1 0 0 0 0 0 0
 0 0 0 0 0 0 0 0 1 0 0 0 0 0 1 0 0 0 0 0 0 0 0 0 0 0]
actions: 11
right_actions: 5
tag_actions: 12
recall: 0.454545
precision: 0.416667
f_measure: 0.434783

text_num: 7
pr:[1 0 0 0 0 0 1 0 0 0 0 0 0 1 0 0 0 0 0 0 0 0 0 0 0 0 0 0 0 0 1 0 1 0 0 0 0
 0 0 0 1 0 0 0 0 0 0 0 0 0 1 0 0 0 0 0 0 1 0 1 0 0 0 0 0 0 1 0 1 0 0 0 0 0
 0 0 1 0 0 0 0 0 0 0 0 0 0 0 0 0 0 0 0 0 1 0 0 0 0 0]
t_label:[1 0 0 0 0 0 1 0 0 0 0 0 0 1 0 0 0 1 0 0 0 0 0 0 0 0 0 0 0 0 0 0 0 0 0 0 0
 0 0 0 1 0 0 0 0 0 0 0 0 0 1 0 0 0 0 0 0 1 0 1 0 0 0 0 0 0 0 0 1 0 0 0 0 0
 0 0 0 1 0 1 0 0 0 0 0 0 0 0 0 0 0 0 0 0 1 0 0 0 0 0]
actions: 12
right_actions: 9
tag_actions: 13
recall: 0.750000
precision: 0.692308
f_measure: 0.720000

total_actions: 90
total_right_actions: 51
total_tag_actions: 90
total_recall: 0.566667
total_precision: 0.566667
total_f_measure: 0.566667


Time cost 87s