

classifier 0
acc:
0.909090909091
1.0
1.0
1.0
1.0
1.0
1.0


loss:
0.111445208165
1.56123572414e-07
1.32755821689e-07
1.25643905139e-07
1.21241282872e-07
1.19209303762e-07
1.19209303762e-07


val_acc:
1.0
1.0
1.0
1.0
1.0
1.0
1.0


val_loss:
1.76104694302e-07
1.40883735546e-07
1.27337215035e-07
1.24627914292e-07
1.19209303762e-07
1.19209303762e-07
1.19209303762e-07




classifier 1
acc:
1.0
1.0
1.0


loss:
0.0249246738174
1.19209303762e-07
1.19209303762e-07


val_acc:
1.0
1.0
1.0


val_loss:
1.19209303762e-07
1.19209303762e-07
1.19209303762e-07




classifier 2
acc:
0.948863636364
0.954545454545
0.954545454545


loss:
0.783406842839
0.732640797442
0.732640786604


val_acc:
0.954545449127
0.954545449127
0.954545449127


val_loss:
0.732640813697
0.732640813697
0.732640813697




classifier 3
acc:
0.715909090909
0.772727272727
0.772727272727


loss:
3.50852668285
3.66320345619
3.66320353205


val_acc:
0.772727278146
0.772727278146
0.772727278146


val_loss:
3.66320345619
3.66320345619
3.66320345619




classifier 4
acc:
0.772727272727
0.818181818182
0.818181818182


loss:
2.76952708851
2.93056281046
2.9305628213


val_acc:
0.8181818236
0.8181818236
0.8181818236


val_loss:
2.93056278879
2.93056278879
2.93056278879




classifier 5
acc:
0.803977272727
0.818181818182
0.818181818182


loss:
2.71206036481
2.93056279963
2.93056281046


val_acc:
0.818181812763
0.818181812763
0.818181812763


val_loss:
2.93056277795
2.93056277795
2.93056277795




classifier 6
acc:
0.840909090909
0.840909090909
0.840909090909


loss:
2.38638142022
2.56424244967
2.56424246051


val_acc:
0.840909090909
0.840909090909
0.840909090909


val_loss:
2.56424244967
2.56424244967
2.56424244967




classifier 7
acc:
0.920454545455
0.931818181818
0.931818181818


loss:
0.967853578654
1.09896112572
1.09896112572


val_acc:
0.9318181764
0.9318181764
0.9318181764


val_loss:
1.0989611203
1.0989611203
1.0989611203




classifier 8
acc:
0.744318181818
0.795454545455
0.795454545455


loss:
3.14412819255
3.29688322544
3.29688314958


val_acc:
0.795454545455
0.795454545455
0.795454545455


val_loss:
3.29688314958
3.29688314958
3.29688314958




classifier 9
acc:
0.772727272727
0.840909090909
0.840909090909


loss:
2.50526314432
2.56424248219
2.56424247135


val_acc:
0.840909090909
0.840909090909
0.840909090909


val_loss:
2.56424244967
2.56424244967
2.56424244967




classifier 10
acc:
0.852272727273
0.863636363636
0.863636363636


loss:
1.98275651173
2.19792213223
2.19792212139


val_acc:
0.863636363636
0.863636363636
0.863636363636


val_loss:
2.19792209972
2.19792209972
2.19792209972




classifier 11
acc:
0.778409090909
0.840909090909
0.840909090909


loss:
2.42531812191
2.56424246051
2.56424248219


val_acc:
0.84090908549
0.84090908549
0.84090908549


val_loss:
2.564242428
2.564242428
2.564242428




classifier 12
acc:
0.886363636364
0.886363636364
0.886363636364


loss:
1.7308753187
1.83160177144
1.83160179312


val_acc:
0.886363630945
0.886363630945
0.886363630945


val_loss:
1.83160177144
1.83160177144
1.83160177144




classifier 13
acc:
0.769886363636
0.889204545455
0.988636363636
1.0
0.96875
1.0
1.0
1.0
1.0
1.0


loss:
1.48692197962
0.342626035213
0.0989457670261
0.0186653725634
0.0937047131275
0.00233935985968
0.000826394561128
0.00035394343484
0.00018295490339
8.49722415627e-05


val_acc:
0.818181812763
0.954545449127
1.0
0.977272721854
1.0
1.0
1.0
1.0
1.0
1.0


val_loss:
0.336739905856
0.135249307887
0.0378075369041
0.0933598449284
0.00399248507297
0.0011572646591
0.000514159635217
0.000219747068265
0.000112713780916
6.16550833828e-05




classifier 14
acc:
0.886363636364
0.886363636364
0.886363636364


loss:
1.68337540735
1.83160180395
1.83160180395


val_acc:
0.886363641782
0.886363641782
0.886363641782


val_loss:
1.83160173893
1.83160173893
1.83160173893




classifier 15
acc:
0.806818181818
0.818181818182
0.818181818182


loss:
2.84638395093
2.93056281046
2.9305628213


val_acc:
0.818181812763
0.818181812763
0.818181812763


val_loss:
2.93056277795
2.93056277795
2.93056277795




classifier 16
acc:
0.954545454545
0.954545454545
0.954545454545


loss:
0.720134426247
0.732640797442
0.732640808279


val_acc:
0.954545459964
0.954545459964
0.954545459964


val_loss:
0.732640775767
0.732640775767
0.732640775767




classifier 17
acc:
0.84375
0.931818181818
0.931818181818


loss:
1.14629734646
1.0989611474
1.09896112572


val_acc:
0.931818187237
0.931818187237
0.931818187237


val_loss:
1.09896112572
1.09896112572
1.09896112572




classifier 18
acc:
0.755681818182
0.818181818182
0.818181818182


loss:
2.79347813129
2.93056279963
2.93056284298


val_acc:
0.8181818236
0.8181818236
0.8181818236


val_loss:
2.93056278879
2.93056278879
2.93056278879




classifier 19
acc:
0.8125
0.954545454545
1.0
1.0
1.0
1.0
1.0
1.0
1.0
1.0


loss:
0.829399317503
0.149762320586
0.0135219846005
0.00275606742467
0.00100427210352
0.000466960123793
0.000188215115817
9.97155852515e-05
5.28918042784e-05
2.55391977672e-05


val_acc:
0.909090909091
1.0
1.0
1.0
1.0
1.0
1.0
1.0
1.0
1.0


val_loss:
0.21025547182
0.0229303112084
0.00400966983712
0.00125992942644
0.000570981675992
0.000239333448752
0.000122850459857
6.43902911344e-05
3.25106476256e-05
1.71151395162e-05




classifier 20
acc:
0.784090909091
0.795454545455
0.795454545455


loss:
2.94039714336
3.29688317125
3.29688319293


val_acc:
0.795454550873
0.795454550873
0.795454550873


val_loss:
3.29688317125
3.29688317125
3.29688317125




classifier 21
acc:
0.934659090909
0.977272727273
0.977272727273


loss:
0.380926901644
0.366320469163
0.366320469163


val_acc:
0.977272721854
0.977272721854
0.977272721854


val_loss:
0.366320463744
0.366320463744
0.366320463744




classifier 22
acc:
0.852272727273
0.886363636364
0.886363636364


loss:
1.75255108963
1.83160178228
1.83160179312


val_acc:
0.886363641782
0.886363641782
0.886363641782


val_loss:
1.83160173893
1.83160173893
1.83160173893




classifier 23
acc:
0.826704545455
0.886363636364
0.886363636364


loss:
1.71911750057
1.83160180395
1.83160181479


val_acc:
0.886363636364
0.886363636364
0.886363636364


val_loss:
1.83160179312
1.83160179312
1.83160179312




classifier 24
acc:
0.829545454545
0.909090909091
0.909090909091


loss:
1.47861443866
1.46528147567
1.46528147567


val_acc:
0.909090903672
0.909090903672
0.909090903672


val_loss:
1.46528142691
1.46528142691
1.46528142691




classifier 25
acc:
0.741477272727
0.863636363636
0.974431818182
0.997159090909
1.0
1.0
1.0
1.0
1.0
0.988636363636


loss:
1.33451938087
0.35593568195
0.153752232817
0.0590335674245
0.0124520572664
0.00289999642833
0.00140228201847
0.00060672964107
0.000293334944713
0.159428967245


val_acc:
0.772727267309
0.954545459964
1.0
1.0
1.0
1.0
1.0
1.0
1.0
1.0


val_loss:
0.369932228869
0.207164462317
0.140167942779
0.0133258507333
0.00420788929544
0.00191611957482
0.000801628138023
0.000374345979336
0.000233882337025
0.000809532082216




classifier 26
acc:
0.789772727273
0.863636363636
0.863636363636


loss:
2.17270264842
2.19792215391
2.19792212139


val_acc:
0.863636358218
0.863636358218
0.863636358218


val_loss:
2.19792207805
2.19792207805
2.19792207805




classifier 27
acc:
0.789772727273
0.840909090909
0.840909090909


loss:
2.33120292425
2.56424246051
2.56424247135


val_acc:
0.84090908549
0.84090908549
0.84090908549


val_loss:
2.564242428
2.564242428
2.564242428




classifier 28
acc:
0.900568181818
0.909090909091
0.909090909091


loss:
1.41372541406
1.465281454
1.465281454


val_acc:
0.909090909091
0.909090909091
0.909090909091


val_loss:
1.46528143233
1.46528143233
1.46528143233




classifier 29
acc:
0.758522727273
0.818181818182
0.818181818182


loss:
2.92339644649
2.93056283214
2.93056285381


val_acc:
0.818181812763
0.818181812763
0.818181812763


val_loss:
2.93056277795
2.93056277795
2.93056277795




classifier 30
acc:
0.840909090909
0.96875
0.997159090909
0.997159090909
1.0
1.0
1.0
1.0
1.0
0.974431818182


loss:
0.556405108083
0.120713850314
0.0255752216009
0.0197619743201
0.00245692050719
0.000873703091532
0.000477073384735
0.000174710969573
0.000105556484248
0.265381697343


val_acc:
0.886363630945
1.0
1.0
1.0
1.0
1.0
1.0
1.0
1.0
1.0


val_loss:
0.217271948403
0.0368908667429
0.0245307914235
0.00336315537888
0.00124827429483
0.00052715457489
0.000248020702698
0.000117601322762
0.0036055048589
0.000811021748549




classifier 31
acc:
0.767045454545
0.840909090909
0.840909090909


loss:
2.5478015813
2.56424248219
2.56424243884


val_acc:
0.840909090909
0.840909090909
0.840909090909


val_loss:
2.56424244967
2.56424244967
2.56424244967




classifier 32
acc:
0.789772727273
0.795454545455
0.795454545455


loss:
2.98713532361
3.29688314958
3.29688317125


val_acc:
0.795454545455
0.795454545455
0.795454545455


val_loss:
3.29688314958
3.29688314958
3.29688314958




classifier 33
acc:
0.767045454545
0.818181818182
0.818181818182


loss:
2.8133865053
2.93056281046
2.93056279963


val_acc:
0.818181812763
0.818181812763
0.818181812763


val_loss:
2.93056284298
2.93056284298
2.93056284298




classifier 34
acc:
0.852272727273
0.863636363636
0.863636363636


loss:
2.20494555343
2.19792214307
2.19792214307


val_acc:
0.863636363636
0.863636363636
0.863636363636


val_loss:
2.19792209972
2.19792209972
2.19792209972




classifier 35
acc:
0.818181818182
0.886363636364
0.886363636364


loss:
1.73006548665
1.83160178228
1.83160177144


val_acc:
0.886363636364
0.886363636364
0.886363636364


val_loss:
1.83160174977
1.83160174977
1.83160174977




classifier 36
acc:
0.769886363636
0.818181818182
0.818181818182


loss:
2.72543884407
2.93056278879
2.93056279963


val_acc:
0.818181812763
0.818181812763
0.818181812763


val_loss:
2.93056277795
2.93056277795
2.93056277795




classifier 37
acc:
0.886363636364
0.909090909091
0.909090909091


loss:
1.34083363143
1.46528144316
1.465281454


val_acc:
0.90909091451
0.90909091451
0.90909091451


val_loss:
1.46528138898
1.46528138898
1.46528138898




classifier 38
acc:
0.886363636364
0.886363636364
0.886363636364


loss:
1.60939112577
1.83160178228
1.83160178228


val_acc:
0.886363641782
0.886363641782
0.886363641782


val_loss:
1.83160173893
1.83160173893
1.83160173893




classifier 39
acc:
0.835227272727
0.909090909091
0.909090909091


loss:
1.40677192536
1.465281454
1.46528144316


val_acc:
0.909090909091
0.909090909091
0.909090909091


val_loss:
1.46528144316
1.46528144316
1.46528144316




classifier 40
acc:
0.786931818182
0.795454545455
0.795454545455


loss:
3.21218457547
3.29688314958
3.29688314958


val_acc:
0.795454540036
0.795454540036
0.795454540036


val_loss:
3.29688312791
3.29688312791
3.29688312791




classifier 41
acc:
0.786931818182
0.840909090909
0.840909090909


loss:
2.45221973549
2.56424246051
2.56424246051


val_acc:
0.840909096328
0.840909096328
0.840909096328


val_loss:
2.56424243884
2.56424243884
2.56424243884




classifier 42
acc:
0.860795454545
0.886363636364
0.886363636364


loss:
1.7126033848
1.83160178228
1.83160179312


val_acc:
0.886363636364
0.886363636364
0.886363636364


val_loss:
1.83160174977
1.83160174977
1.83160174977




classifier 43
acc:
0.846590909091
0.863636363636
0.863636363636


loss:
2.11476402933
2.19792214307
2.19792212139


val_acc:
0.863636363636
0.863636363636
0.863636363636


val_loss:
2.19792209972
2.19792209972
2.19792209972




classifier 44
acc:
0.860795454545
0.886363636364
0.886363636364


loss:
1.57335595651
1.83160179312
1.83160180395


val_acc:
0.886363641782
0.886363641782
0.886363641782


val_loss:
1.83160173893
1.83160173893
1.83160173893




classifier 45
acc:
0.846590909091
0.840909090909
0.840909090909


loss:
2.43038799004
2.56424246051
2.56424247135


val_acc:
0.840909096328
0.840909096328
0.840909096328


val_loss:
2.56424247135
2.56424247135
2.56424247135




classifier 46
acc:
0.801136363636
0.840909090909
0.840909090909


loss:
2.3975380334
2.56424248219
2.56424252553


val_acc:
0.840909096328
0.840909096328
0.840909096328


val_loss:
2.56424247135
2.56424247135
2.56424247135




classifier 47
acc:
0.767045454545
0.840909090909
0.840909090909


loss:
2.52014023607
2.56424247135
2.56424247135


val_acc:
0.840909096328
0.840909096328
0.840909096328


val_loss:
2.56424243884
2.56424243884
2.56424243884




classifier 48
acc:
0.892045454545
0.931818181818
0.931818181818


loss:
1.02594687722
1.09896113656
1.0989611474


val_acc:
0.931818187237
0.931818187237
0.931818187237


val_loss:
1.09896112572
1.09896112572
1.09896112572




classifier 49
acc:
0.866477272727
0.931818181818
0.931818181818


loss:
1.04486055808
1.09896113656
1.09896112572


val_acc:
0.931818187237
0.931818187237
0.931818187237


val_loss:
1.09896112572
1.09896112572
1.09896112572




classifier 50
acc:
0.738636363636
0.772727272727
0.772727272727


loss:
3.31996311383
3.66320349953
3.66320351037


val_acc:
0.772727278146
0.772727278146
0.772727278146


val_loss:
3.66320366209
3.66320366209
3.66320366209




classifier 51
acc:
0.846590909091
0.863636363636
0.863636363636


loss:
2.07221221924
2.19792213223
2.19792213223


val_acc:
0.863636358218
0.863636358218
0.863636358218


val_loss:
2.19792207805
2.19792207805
2.19792207805




classifier 52
acc:
0.892045454545
0.954545454545
0.954545454545


loss:
0.755483724854
0.732640797442
0.732640797442


val_acc:
0.954545449127
0.954545449127
0.954545449127


val_loss:
0.732640813697
0.732640813697
0.732640813697




classifier 53
acc:
0.772727272727
0.840909090909
0.840909090909


loss:
2.46842316064
2.56424247135
2.56424244967


val_acc:
0.84090908549
0.84090908549
0.84090908549


val_loss:
2.564242428
2.564242428
2.564242428




classifier 54
acc:
0.889204545455
0.954545454545
0.954545454545


loss:
0.713535541838
0.732640808279
0.732640797442


val_acc:
0.954545454545
0.954545454545
0.954545454545


val_loss:
0.732640819116
0.732640819116
0.732640819116




classifier 55
acc:
0.886363636364
0.886363636364
0.886363636364


loss:
1.64963151108
1.83160180395
1.83160179312


val_acc:
0.886363641782
0.886363641782
0.886363641782


val_loss:
1.83160173893
1.83160173893
1.83160173893




classifier 56
acc:
0.815340909091
0.911931818182
0.994318181818
0.980113636364
1.0
1.0
1.0
1.0
1.0
1.0


loss:
0.717234879732
0.215076265687
0.0519080880013
0.0707535120574
0.0048564042134
0.00281053023751
0.000605049144889
0.00039355511068
0.000206273574639
9.12383753034e-05


val_acc:
0.886363641782
0.9318181764
0.954545449127
1.0
1.0
1.0
1.0
1.0
1.0
1.0


val_loss:
0.236602586779
0.0992228029804
0.237863074649
0.00669142840938
0.00716359079392
0.000784745164724
0.000406845311359
0.000282744992133
0.000125458840392
0.000154258181283




classifier 57
acc:
0.84375
0.863636363636
0.863636363636


loss:
1.98551549153
2.19792216474
2.19792209972


val_acc:
0.863636363636
0.863636363636
0.863636363636


val_loss:
2.19792209972
2.19792209972
2.19792209972




classifier 58
acc:
0.889204545455
0.909090909091
0.909090909091


loss:
1.43276320804
1.46528143233
1.465281454


val_acc:
0.909090903672
0.909090903672
0.909090903672


val_loss:
1.46528146484
1.46528146484
1.46528146484




classifier 59
acc:
0.886363636364
0.886363636364
0.886363636364


loss:
1.74167561531
1.83160177144
1.83160178228


val_acc:
0.886363630945
0.886363630945
0.886363630945


val_loss:
1.83160177686
1.83160177686
1.83160177686




classifier 60
acc:
0.886363636364
0.886363636364
0.886363636364


loss:
1.65025246685
1.83160179312
1.83160178228


val_acc:
0.886363641782
0.886363641782
0.886363641782


val_loss:
1.83160173893
1.83160173893
1.83160173893




classifier 61
acc:
0.832386363636
0.909090909091
0.909090909091


loss:
1.50439615683
1.46528146484
1.46528146484


val_acc:
0.909090909091
0.909090909091
0.909090909091


val_loss:
1.46528144316
1.46528144316
1.46528144316




classifier 62
acc:
0.803977272727
0.863636363636
0.863636363636


loss:
2.11211829836
2.19792212139
2.19792209972


val_acc:
0.863636369055
0.863636369055
0.863636369055


val_loss:
2.19792208888
2.19792208888
2.19792208888




classifier 63
acc:
0.860795454545
0.886363636364
0.886363636364


loss:
1.61673756079
1.83160180395
1.83160179312


val_acc:
0.886363641782
0.886363641782
0.886363641782


val_loss:
1.83160181479
1.83160181479
1.83160181479




classifier 64
acc:
0.886363636364
0.886363636364
0.886363636364


loss:
1.82013374025
1.83160178228
1.83160179312


val_acc:
0.886363630945
0.886363630945
0.886363630945


val_loss:
1.83160177686
1.83160177686
1.83160177686




classifier 65
acc:
0.892045454545
0.931818181818
0.931818181818


loss:
0.978308477185
1.09896112572
1.0989611474


val_acc:
0.931818187237
0.931818187237
0.931818187237


val_loss:
1.09896112572
1.09896112572
1.09896112572




classifier 66
acc:
0.849431818182
0.863636363636
0.863636363636


loss:
2.07117572698
2.19792213223
2.19792211056


val_acc:
0.863636363636
0.863636363636
0.863636363636


val_loss:
2.19792209972
2.19792209972
2.19792209972




classifier 67
acc:
0.772727272727
0.840909090909
0.840909090909


loss:
2.47575239702
2.56424244967
2.56424246051


val_acc:
0.840909096328
0.840909096328
0.840909096328


val_loss:
2.56424247135
2.56424247135
2.56424247135




classifier 68
acc:
0.6875
0.75
0.75


loss:
3.92002036355
4.02952384949
4.02952393618


val_acc:
0.750000005419
0.750000005419
0.750000005419


val_loss:
4.02952395786
4.02952395786
4.02952395786




classifier 69
acc:
0.877840909091
0.909090909091
0.909090909091


loss:
1.38448679447
1.46528144316
1.46528146484


val_acc:
0.90909091451
0.90909091451
0.90909091451


val_loss:
1.46528143233
1.46528143233
1.46528143233




classifier 70
acc:
0.926136363636
0.931818181818
0.931818181818


loss:
1.05066091364
1.09896113656
1.09896113656


val_acc:
0.9318181764
0.9318181764
0.9318181764


val_loss:
1.0989611203
1.0989611203
1.0989611203




classifier 71
acc:
0.778409090909
0.818181818182
0.818181818182


loss:
2.67514523051
2.93056281046
2.93056283214


val_acc:
0.818181812763
0.818181812763
0.818181812763


val_loss:
2.93056277795
2.93056277795
2.93056277795




classifier 72
acc:
0.792613636364
0.863636363636
0.863636363636


loss:
2.1472162225
2.19792213223
2.19792211056


val_acc:
0.863636369055
0.863636369055
0.863636369055


val_loss:
2.19792208888
2.19792208888
2.19792208888




classifier 73
acc:
0.857954545455
0.863636363636
0.863636363636


loss:
2.15820408409
2.19792212139
2.19792211056


val_acc:
0.863636358218
0.863636358218
0.863636358218


val_loss:
2.19792207805
2.19792207805
2.19792207805




classifier 74
acc:
0.909090909091
0.909090909091
0.909090909091


loss:
1.33701465347
1.46528146484
1.46528146484


val_acc:
0.90909091451
0.90909091451
0.90909091451


val_loss:
1.46528138898
1.46528138898
1.46528138898




classifier 75
acc:
0.84375
0.840909090909
0.840909090909


loss:
2.42968488823
2.56424247135
2.56424246051


val_acc:
0.84090908549
0.84090908549
0.84090908549


val_loss:
2.564242428
2.564242428
2.564242428




classifier 76
acc:
0.829545454545
0.886363636364
0.886363636364


loss:
1.72848891128
1.83160182563
1.83160178228


val_acc:
0.886363630945
0.886363630945
0.886363630945


val_loss:
1.83160177686
1.83160177686
1.83160177686




classifier 77
acc:
0.883522727273
0.886363636364
0.886363636364


loss:
1.83195026354
1.83160179312
1.83160179312


val_acc:
0.886363636364
0.886363636364
0.886363636364


val_loss:
1.83160174977
1.83160174977
1.83160174977




classifier 78
acc:
0.798295454545
0.795454545455
0.795454545455


loss:
2.94084995443
3.29688312791
3.29688317125


val_acc:
0.795454540036
0.795454540036
0.795454540036


val_loss:
3.29688319293
3.29688319293
3.29688319293




classifier 79
acc:
0.883522727273
0.886363636364
0.886363636364


loss:
1.69326752966
1.83160177144
1.83160178228


val_acc:
0.886363641782
0.886363641782
0.886363641782


val_loss:
1.83160173893
1.83160173893
1.83160173893




classifier 80
acc:
0.835227272727
0.886363636364
0.886363636364


loss:
1.71644691987
1.83160177144
1.83160179312


val_acc:
0.886363641782
0.886363641782
0.886363641782


val_loss:
1.83160173893
1.83160173893
1.83160173893




classifier 81
acc:
0.707386363636
0.909090909091
0.977272727273
1.0
1.0
1.0
1.0
1.0
1.0
1.0


loss:
1.59326201677
0.339354595677
0.0893904470246
0.0328151556579
0.00284838688094
0.00122528990455
0.000571149250556
0.000350962875845
0.000148080371384
6.59569933222e-05


val_acc:
0.795454545455
1.0
1.0
1.0
1.0
1.0
1.0
1.0
1.0
1.0


val_loss:
1.15130911632
0.12761311504
0.130379076708
0.00407326720994
0.00158808654471
0.000731206504332
0.000332115387375
0.000379464528206
8.12890059685e-05
4.4200494978e-05




classifier 82
acc:
0.835227272727
0.886363636364
0.886363636364


loss:
1.63859907064
1.83160179312
1.83160179312


val_acc:
0.886363636364
0.886363636364
0.886363636364


val_loss:
1.83160174977
1.83160174977
1.83160174977




classifier 83
acc:
0.795454545455
0.795454545455
0.795454545455


loss:
3.11057819832
3.29688317125
3.29688318209


val_acc:
0.795454540036
0.795454540036
0.795454540036


val_loss:
3.29688312791
3.29688312791
3.29688312791




classifier 84
acc:
0.880681818182
0.954545454545
0.954545454545


loss:
0.723348259926
0.732640808279
0.732640819116


val_acc:
0.954545449127
0.954545449127
0.954545449127


val_loss:
0.732640813697
0.732640813697
0.732640813697




classifier 85
acc:
0.840909090909
0.886363636364
0.886363636364


loss:
1.85491900011
1.83160177144
1.83160179312


val_acc:
0.886363630945
0.886363630945
0.886363630945


val_loss:
1.83160177144
1.83160177144
1.83160177144




classifier 86
acc:
0.880681818182
0.954545454545
0.954545454545


loss:
0.706082300706
0.732640786604
0.732640797442


val_acc:
0.954545454545
0.954545454545
0.954545454545


val_loss:
0.732640819116
0.732640819116
0.732640819116




classifier 87
acc:
0.755681818182
0.818181818182
0.818181818182


loss:
2.77694691311
2.93056284298
2.9305628213


val_acc:
0.8181818236
0.8181818236
0.8181818236


val_loss:
2.9305628213
2.9305628213
2.9305628213




classifier 88
acc:
0.855113636364
0.909090909091
0.909090909091


loss:
1.40485595573
1.46528146484
1.46528144316


val_acc:
0.909090909091
0.909090909091
0.909090909091


val_loss:
1.46528144316
1.46528144316
1.46528144316




classifier 89
acc:
0.772727272727
0.840909090909
0.840909090909


loss:
2.61582980373
2.56424247135
2.56424246051


val_acc:
0.840909090909
0.840909090909
0.840909090909


val_loss:
2.56424244967
2.56424244967
2.56424244967




classifier 90
acc:
0.8125
0.840909090909
0.840909090909


loss:
2.36003946174
2.5642425147
2.56424250386


val_acc:
0.840909096328
0.840909096328
0.840909096328


val_loss:
2.56424243884
2.56424243884
2.56424243884




classifier 91
acc:
0.869318181818
0.931818181818
0.931818181818


loss:
1.01091623306
1.0989611474
1.09896113656


val_acc:
0.931818181818
0.931818181818
0.931818181818


val_loss:
1.09896108237
1.09896108237
1.09896108237




classifier 92
acc:
0.761363636364
0.818181818182
0.818181818182


loss:
2.83456340703
2.93056279963
2.93056279963


val_acc:
0.818181812763
0.818181812763
0.818181812763


val_loss:
2.93056277795
2.93056277795
2.93056277795




classifier 93
acc:
0.911931818182
0.931818181818
0.931818181818


loss:
1.10739402338
1.09896113656
1.09896113656


val_acc:
0.931818181818
0.931818181818
0.931818181818


val_loss:
1.09896113656
1.09896113656
1.09896113656




classifier 94
acc:
0.931818181818
0.931818181818
0.931818181818


loss:
1.04089695215
1.09896112572
1.09896113656


val_acc:
0.9318181764
0.9318181764
0.9318181764


val_loss:
1.0989611203
1.0989611203
1.0989611203




classifier 95
acc:
0.883522727273
0.886363636364
0.886363636364


loss:
1.60366715084
1.83160177144
1.83160179312


val_acc:
0.886363636364
0.886363636364
0.886363636364


val_loss:
1.83160174977
1.83160174977
1.83160174977




classifier 96
acc:
0.764204545455
0.795454545455
0.795454545455


loss:
2.90923171694
3.29688325795
3.29688319293


val_acc:
0.795454540036
0.795454540036
0.795454540036


val_loss:
3.29688312791
3.29688312791
3.29688312791




classifier 97
acc:
0.755681818182
0.818181818182
0.818181818182


loss:
2.82623658939
2.93056279963
2.93056283214


val_acc:
0.818181812763
0.818181812763
0.818181812763


val_loss:
2.93056277795
2.93056277795
2.93056277795




classifier 98
acc:
0.829545454545
0.909090909091
0.909090909091


loss:
1.48353509469
1.465281454
1.46528147567


val_acc:
0.90909091451
0.90909091451
0.90909091451


val_loss:
1.46528143233
1.46528143233
1.46528143233




classifier 99
acc:
0.772727272727
0.818181818182
0.818181818182


loss:
2.64050658725
2.93056281046
2.93056283214


val_acc:
0.818181818182
0.818181818182
0.818181818182


val_loss:
2.93056279963
2.93056279963
2.93056279963



choose    1    1
a    0    0
crystal    0    0
that    0    0
works    0    0
for    0    0
you    0    0
open    1    0
your    0    0
mind    0    0
to    0    0
the    0    0
idea    0    0
that    0    0
each    0    0
crystal    0    0
has    0    0
an    0    0
exclusive    0    0
'energy    0    0
medicine'    0    0
that    0    0
can    0    0
assist    0    0
you    0    0
in    0    0
your    0    0
life    0    0
right    0    0
now    0    0
remember    1    0
the    0    0
Ancients    0    0
have    0    0
known    0    0
about    0    0
the    0    0
power    0    0
of    0    0
crystals    0    0
for    0    0
centuries    0    0
allow    1    0
yourself    0    0
to    0    0
be    0    0
intuitive    0    0
to    0    0
the    0    0
process    0    0
of    0    0
choosing    0    0
a    0    0
crystal    0    0
instead    0    0
of    0    0
thinking    0    0
too    0    0
much    0    0
about    0    0
it    0    0
so    0    0
'think    1    0
less    0    0
and    0    0
feel    1    0
more'    0    0
be    1    0
specific    0    0
about    0    0
your    0    0
issue    0    0
before    0    0
choosing    1    0
a    0    0
crystal    0    0
so    0    0
take    0    0
some    0    0
time    0    0
to    0    0
write    1    0
down    0    0
the    0    0
problem    0    0
that    0    0
you    0    0
want    0    0
some    0    0
healing    0    0
energy    0    0
assistance    0    0
with    0    0
ask    1    0
the    0    0
Universe    0    0
just    0    0
before    0    0
you    0    0
are    0    0
check    1    1
for    0    0
Diagnostic    0    0
Trouble    0    0
Codes    0    0
get    1    0
into    0    0
your    0    0
vehicle    0    0
and    0    0
make    1    0
sure    0    0
the    0    0
hood    0    1
rear    0    0
tailgate    0    0
and    0    0
all    0    0
doors    0    0
on    0    0
your    0    0
vehicle    0    0
are    0    0
shut    0    0
insert    1    0
your    0    1
key    0    0
into    0    0
the    0    0
ignition    0    0
slot    0    1
and    0    0
turn    1    0
it    0    0
from    0    0
'Off'    0    0
to    0    0
'On'    0    0
3-5    0    0
times    0    0
until    0    0
'DTC    0    0
REPORT'    0    0
appears    0    0
in    0    0
the    0    0
odometer    0    0
display    0    0
for    0    0
2005-2010    0    0
models    0    0
or    0    0
the    0    0
DTC's    0    0
start    0    0
displaying    0    0
on    0    0
1999-2004    0    0
models    0    0
write    1    0
down    0    0
all    0    0
codes    0    0
starting    0    0
with    0    0
the    0    0
letter    0    0
'P'    0    0
and    0    0
ending    0    0
with    0    0
4    0    0
numbers    0    0
0-9    0    0
shut    1    0
your    0    0
vehicle    0    0
off    0    0
search    1    0
online    0    0
for    0    0
your    0    0
DTC    0    0
code    0    0
it    0    0
is    0    0
generic    0    0
for    0    0
all    0    0
vehicles    0    0
made    0    0
after    0    0
1997    0    0
null    0    0
null    0    0
null    0    0
null    0    0
null    0    0
null    0    0
null    0    0
wash    1    1
and    0    0
wax    1    0
a    0    0
car    0    0
with    0    0
waterless    0    0
carwash    0    0
all    0    0
you    0    0
need    1    0
is    0    0
waterless    0    0
carwash    0    0
1    0    0
or    0    0
2    0    0
microfiber    0    0
cloths    0    0
and    0    0
a    0    0
little    0    0
bit    0    0
of    0    0
shade    0    0
of    0    1
course    0    0
you    0    0
might    0    0
want    0    0
to    0    0
wash    1    0
your    0    0
car    0    0
with    0    0
water    0    0
and    0    0
soap    0    0
if    0    0
it's    0    0
very    0    0
dirty    0    0
before    0    0
proceeding    0    0
with    0    0
the    0    0
waterless    0    0
carwash-wax    0    0
lightly    0    0
cover    1    0
a    0    0
section    0    0
or    0    0
the    0    0
entire    0    0
microfiber    0    0
cloth    0    0
with    0    0
few    0    0
sprays    0    0
of    0    0
waterless    0    0
carwash    0    0
-    0    0
wax    1    0
or    0    0
spray    1    0
product    0    0
3    0    0
or    0    0
4    0    0
times    0    0
directly    0    0
on    0    0
the    0    0
car    0    0
wipe    1    0
in    0    0
circular    0    0
motion    0    0
until    0    0
product    0    0
is    0    0
completely    0    0
and    0    0
evenly    0    0
applied    0    0
use    1    0
a    0    0
dry    0    0
part    0    0
of    0    0
the    0    0
same    0    0
microfiber    0    0
cloth    0    0
or    0    0
use    1    0
a    0    0
new    0    0
register    1    1
your    0    0
vehicle    0    0
in    0    0
California    0    0
ensure    1    0
that    0    0
you    0    0
have    1    0
the    0    0
title    0    0
or    0    0
pink    0    0
slip    0    0
for    0    0
the    0    0
vehicle    0    0
from    0    0
the    0    0
other    0    1
state    0    0
get    1    0
a    0    0
smog    0    0
check    0    0
if    0    0
your    0    0
vehicle    0    0
is    0    0
diesel    0    0
the    0    1
smog    0    0
check    1    0
is    0    0
required    0    0
for    0    0
only    0    0
those    0    0
vehicles    0    0
manufactured    0    0
from    0    0
1996    0    0
and    0    0
newer    0    0
obtain    1    0
a    0    0
VIN    0    0
verification    0    0
get    1    0
this    0    0
from    0    0
either    0    0
law    0    0
enforcement    0    0
CA    0    0
DMV    0    0
or    0    0
a    0    0
private    0    0
licensed    0    0
VIN    0    0
verifier    0    0
visit    1    0
your    0    0
local    0    0
DMV    0    0
and    0    0
deposit    1    0
the    0    0
registration    0    0
fees    0    0
you    0    0
may    0    0
wish    0    0
to    0    0
seek    1    0
the    0    0
advice    0    0
of    0    0
a    0    0
professional    0    0
registration    0    0
service    0    0
before    0    0
going    1    0
to    0    0
the    0    0
DMV    0    0
obtain    1    0
a    0    0
copy    0    0
of    0    0
your    0    0
out    0    0
of    0    0
state    0    0
registration    0    0
or    0    0
vehicle    0    0
record    0    0
remove    1    1
a    0    0
steering    0    0
wheel    0    0
from    0    0
a    0    0
tractor    0    0
assemble    1    0
the    0    0
items    0    0
needed    0    0
park    1    0
the    0    0
tractor    0    0
somewhere    0    0
safe    0    0
and    0    0
ensure    1    0
that    0    0
it    0    0
is    0    0
completely    0    0
turned    0    0
off    0    0
and    0    0
it    0    0
is    0    0
sitting    0    0
where    0    0
it    0    0
cannot    0    0
move    0    0
slacken    1    0
the    0    0
centre    0    0
nut    0    0
first    0    0
by    0    0
backing    1    0
it    0    0
off    0    0
by    0    0
a    0    0
few    0    0
turns    0    0
but    0    0
leaving    1    0
it    0    0
in    0    0
place    0    0
place    1    0
the    0    0
puller    0    0
on    0    0
the    0    0
steering    0    0
wheel    0    0
to    0    0
avoid    0    0
damaging    0    0
the    0    0
centering    0    0
tip    0    0
of    0    0
the    0    0
puller    0    0
place    1    0
a    0    0
few    0    0
washers    0    0
under    0    0
the    0    0
screw    0    0
once    0    0
the    0    0
steering    0    0
wheel    0    0
has    0    0
moved    1    0
the    0    0
retaining    0    0
centre    0    0
nut    0    0
should    0    0
be    0    0
removed    1    0
insert    1    0
the    0    0
ratchet    0    0
as    0    0
shown    0    0
in    0    0
the    0    0
image    0    0
apply    1    0
just    0    0
the    0    0
minimum    0    0
amount    0    0
of    0    0
start    1    1
free    0    0
pilot    0    0
training    0    0
online    0    0
with    0    0
AOPA    0    0
go    1    0
to    0    0
AOPA's    0    0
website    0    0
and    0    0
click    1    0
on    0    0
Login    0    0
then    0    0
scroll    1    0
down    0    0
to    0    0
Create    0    1
an    0    0
Account    0    0
however    0    0
you    0    0
still    0    0
need    0    0
to    0    0
open    1    0
an    0    0
account    0    0
to    0    1
take    1    0
any    0    0
of    0    0
the    0    0
online    0    0
courses    0    0
hover    1    0
over    0    0
Training    0    0
and    0    0
Safety    0    0
then    0    0
scroll    1    0
down    0    0
to    0    0
select    1    0
On    0    0
Line    0    0
Learning    0    0
then    0    0
Online    0    0
Courses    0    0
look    1    0
through    0    0
the    0    0
pilot    0    0
training    0    0
courses    0    0
you    0    0
can    0    0
take    1    0
any    0    0
listed    0    0
course    0    0
at    0    0
no    0    0
cost    0    0
to    0    0
you    0    0
start    1    0
with    0    0
one    0    0
of    0    0
the    0    0
recommended    0    0
beginning    0    0
classes    0    0
verify    1    0
that    0    0
your    0    0
progress    0    1
is    0    0
being    0    0
recorded    0    0
as    0    0
you    0    0
finish    0    0
courses    0    0
just    0    0
click    1    0
on    0    0
Air    0    0
Safety    0    0
Institute    0    0
then    0    0
ASI    0    0
Transcript    0    0
if    0    0
you    0    0
stay    1    1
safe    0    0
in    0    0
a    0    0
parking    0    0
garage    0    0
when    0    0
entering    1    0
store    0    0
park    0    0
next    0    0
to    0    0
the    0    0
nearest    0    0
lit    0    0
spot    0    0
even    0    0
parking    1    0
next    0    0
to    0    0
a    0    0
little    0    0
of    0    0
light    0    0
is    0    0
better    0    0
then    0    0
no    0    0
light    0    0
at    0    0
all    0    0
avoid    1    0
parking    1    0
next    0    0
to    0    0
a    0    0
van    0    0
while    0    0
in    0    0
the    0    0
car    0    0
write    1    0
down    0    0
on    0    0
a    0    0
piece    0    0
of    0    0
paper    0    0
the    0    0
spot    0    0
of    0    0
where    0    0
you've    0    0
parked    0    0
try    0    0
to    0    0
memorize    1    0
where    0    0
you've    0    0
parked    0    0
lock    1    0
your    0    0
car    0    0
doors    0    0
and    0    0
windows    0    0
thoroughly    0    0
keep    1    0
easy    0    0
weapons    0    0
such    0    0
as    0    0
pepper    0    0
spray    0    0
or    0    0
other    0    0
easy    0    0
self    0    0
defense    0    0
tools    0    0
if    0    0
you    0    0
feel    1    0
unsafe    0    0
in    0    0
the    0    0
parking    0    0
garage    0    0
put    1    0
one    0    0
of    0    0
your    0    0
self    0    0
defense    0    0
items    0    0
in    0    0
your    0    0
purse    0    0
of    0    0
jacket    0    0
stock    1    1
a    0    0
car    0    0
trunk    0    0
with    0    0
necessities    0    0
add    1    0
emergency    0    0
supplies    0    0
and    0    0
vehicle    0    0
maintenance    0    0
tools    0    0
use    1    0
a    0    0
container    0    0
to    0    0
hold    1    0
groceries    0    0
a    0    0
crate    0    0
can    0    0
be    0    0
useful    0    0
for    0    0
groceries    0    0
so    0    0
that    0    0
they    0    0
don't    0    0
roll    0    0
and    0    0
tumble    0    0
when    0    0
you    0    0
drive    0    0
home    0    0
and    0    0
if    0    0
you    0    0
live    1    0
a    0    0
good    0    0
distance    0    0
from    0    0
the    0    0
grocery    0    0
store    0    0
you    0    0
can    0    0
put    1    0
a    0    0
cooler    0    0
in    0    0
the    0    0
truck    0    0
just    0    0
remember    1    0
to    0    0
buy    1    0
ice    0    0
when    0    0
you    0    0
are    0    0
at    0    0
the    0    0
check    0    0
out    0    0
add    1    0
rain    0    0
gear    0    0
for    0    0
those    0    0
days    0    0
when    0    0
you    0    0
get    0    0
caught    1    0
out    0    0
leave    1    0
a    0    0
pair    0    0
of    0    0
good    0    0
walking    0    0
shoes    0    0
in    0    0
the    0    0
back    0    0
of    0    0
the    0    0
car    0    0
if    0    0
you    0    0
live    1    0
in    0    0
an    0    0
area    0    0
prone    0    0
to    0    0

predicted results:


text_num: 0
pr:[1 0 0 0 0 0 0 0 0 0 0 0 0 0 0 0 0 0 0 0 0 0 0 0 0 0 0 0 0 0 0 0 0 0 0 0 0
 0 0 0 0 0 0 0 0 0 0 0 0 0 0 0 0 0 0 0 0 0 0 0 0 0 0 0 0 0 0 0 0 0 0 0 0 0
 0 0 0 0 0 0 0 0 0 0 0 0 0 0 0 0 0 0 0 0 0 0 0 0 0 0]
t_label:[1 0 0 0 0 0 0 1 0 0 0 0 0 0 0 0 0 0 0 0 0 0 0 0 0 0 0 0 0 0 1 0 0 0 0 0 0
 0 0 0 0 0 1 0 0 0 0 0 0 0 0 0 0 0 0 0 0 0 0 0 0 0 1 0 0 1 0 1 0 0 0 0 0 1
 0 0 0 0 0 0 0 1 0 0 0 0 0 0 0 0 0 0 0 1 0 0 0 0 0 0]
actions: 10
right_actions: 1
tag_actions: 1
recall: 0.100000
precision: 1.000000
f_measure: 0.181818

text_num: 1
pr:[1 0 0 0 0 0 0 0 0 0 0 0 0 1 0 0 0 0 0 0 0 0 0 0 0 1 0 0 0 0 1 0 0 0 0 0 0
 0 0 0 0 0 0 0 0 0 0 0 0 0 0 0 0 0 0 0 0 0 0 0 0 0 0 0 0 0 0 0 0 0 0 0 0 0
 0 0 0 0 0 0 0 0 0 0 0 0 0 0 0 0 0 0 0 0 0 0 0 0 0 0]
t_label:[1 0 0 0 0 1 0 0 0 0 1 0 0 0 0 0 0 0 0 0 0 0 0 0 1 0 0 0 0 0 0 0 1 0 0 0 0
 0 0 0 0 0 0 0 0 0 0 0 0 0 0 0 0 0 0 0 0 0 0 1 0 0 0 0 0 0 0 0 0 0 0 0 0 0
 1 0 0 0 1 0 0 0 0 0 0 0 0 0 0 0 0 0 0 0 0 0 0 0 0 0]
actions: 8
right_actions: 1
tag_actions: 4
recall: 0.125000
precision: 0.250000
f_measure: 0.166667

text_num: 2
pr:[1 0 0 0 0 0 0 0 0 0 0 0 0 0 0 0 0 0 0 0 0 0 0 0 0 1 0 0 0 0 0 0 0 0 0 0 0
 0 0 0 0 0 0 0 0 0 0 0 0 0 0 0 0 0 0 0 0 0 0 0 0 0 0 0 0 0 0 0 0 0 0 0 0 0
 0 0 0 0 0 0 0 0 0 0 0 0 0 0 0 0 0 0 0 0 0 0 0 0 0 0]
t_label:[1 0 1 0 0 0 0 0 0 0 1 0 0 0 0 0 0 0 0 0 0 0 0 0 0 0 0 0 0 0 0 1 0 0 0 0 0
 0 0 0 0 0 0 0 0 0 0 0 0 1 0 0 0 0 0 0 0 0 0 0 0 0 0 0 1 0 1 0 0 0 0 0 0 0
 0 0 1 0 0 0 0 0 0 0 0 0 0 1 0 0 0 0 0 0 0 0 0 1 0 0]
actions: 10
right_actions: 1
tag_actions: 2
recall: 0.100000
precision: 0.500000
f_measure: 0.166667

text_num: 3
pr:[1 0 0 0 0 0 0 0 0 0 0 0 0 0 0 0 0 0 0 1 0 0 0 0 0 0 0 0 0 0 1 0 0 0 0 0 0
 0 0 0 0 0 0 0 0 0 0 0 0 0 0 0 0 0 0 0 0 0 0 0 0 0 0 0 0 0 0 0 0 0 0 0 0 0
 0 0 0 0 0 0 0 0 0 0 0 0 0 0 0 0 0 0 0 0 0 0 0 0 0 0]
t_label:[1 0 0 0 0 1 0 0 1 0 0 0 0 0 0 0 0 0 0 0 0 1 0 0 0 0 0 0 0 0 0 0 1 0 0 0 0
 0 0 0 0 0 0 0 1 0 0 0 1 0 0 0 0 0 0 0 0 0 0 0 0 0 1 0 0 0 0 1 0 0 0 0 0 0
 0 1 0 0 0 0 0 0 0 0 1 0 0 0 1 0 0 0 0 0 0 0 0 0 0 0]
actions: 12
right_actions: 1
tag_actions: 3
recall: 0.083333
precision: 0.333333
f_measure: 0.133333

text_num: 4
pr:[1 0 0 0 0 0 0 0 0 0 0 0 0 0 0 0 0 0 0 0 0 0 0 0 0 0 0 0 0 0 0 0 0 0 0 0 0
 0 0 0 0 0 0 0 0 0 0 0 0 0 0 0 0 0 0 0 0 0 0 0 0 0 0 0 0 0 0 0 0 0 0 0 0 0
 0 0 0 0 0 0 0 0 0 0 0 0 0 0 0 0 0 0 0 0 0 0 0 0 0 0]
t_label:[1 0 0 0 0 0 0 1 0 0 0 1 0 0 0 0 0 1 0 0 0 0 0 0 0 0 0 0 0 0 0 0 1 0 0 0 0
 0 1 0 0 0 0 0 0 0 1 0 0 0 1 0 0 0 0 0 0 0 0 0 0 0 0 0 0 0 1 0 0 0 0 0 0 0
 0 0 0 0 1 0 0 0 0 0 0 1 1 0 0 0 0 0 0 0 1 0 0 0 0 0]
actions: 13
right_actions: 1
tag_actions: 1
recall: 0.076923
precision: 1.000000
f_measure: 0.142857

text_num: 5
pr:[1 0 0 0 0 0 0 0 0 0 0 0 0 0 0 0 0 0 0 1 0 0 0 0 0 0 0 0 0 0 1 0 0 0 0 0 0
 0 0 0 0 0 0 0 0 0 0 0 0 0 0 0 0 0 0 0 0 0 0 0 0 0 0 0 0 0 0 0 0 0 0 0 0 0
 0 0 0 0 0 0 0 1 0 0 0 0 0 0 0 0 0 0 0 0 0 0 0 0 0 0]
t_label:[1 0 0 0 0 0 0 1 0 0 0 0 1 0 0 0 1 0 0 0 0 0 0 0 0 0 0 1 0 0 0 1 0 0 0 0 0
 1 0 0 0 0 0 1 0 0 1 0 0 0 0 0 0 1 0 0 0 0 0 0 0 1 0 0 0 0 0 0 0 0 1 0 0 0
 0 0 0 0 1 0 0 0 0 0 0 0 0 0 0 0 1 0 0 0 0 0 0 0 0 0]
actions: 14
right_actions: 1
tag_actions: 4
recall: 0.071429
precision: 0.250000
f_measure: 0.111111

text_num: 6
pr:[1 0 0 0 0 0 0 0 0 0 0 0 0 0 0 0 0 0 0 0 0 0 0 0 0 0 0 0 0 0 0 0 0 0 0 0 0
 0 0 0 0 0 0 0 0 0 0 0 0 0 0 0 0 0 0 0 0 0 0 0 0 0 0 0 0 0 0 0 0 0 0 0 0 0
 0 0 0 0 0 0 0 0 0 0 0 0 0 0 0 0 0 0 0 0 0 0 0 0 0 0]
t_label:[1 0 0 0 0 0 0 1 0 0 0 0 0 0 0 0 0 1 0 0 0 0 0 0 0 0 0 0 0 0 0 1 1 0 0 0 0
 0 0 0 0 1 0 0 0 0 0 0 0 0 0 0 0 0 0 0 1 0 0 0 1 0 0 0 0 0 0 1 0 0 0 0 0 0
 0 0 0 0 0 0 0 0 1 0 0 0 0 0 1 0 0 0 0 0 0 0 0 0 0 0]
actions: 11
right_actions: 1
tag_actions: 1
recall: 0.090909
precision: 1.000000
f_measure: 0.166667

text_num: 7
pr:[1 0 0 0 0 0 0 0 0 0 0 0 0 0 0 0 0 0 0 0 0 0 0 0 0 0 0 0 0 0 0 0 0 0 0 0 0
 0 0 0 0 0 0 0 0 0 0 0 0 0 0 0 0 0 0 0 0 0 0 0 0 0 0 0 0 0 0 0 0 0 0 0 0 0
 0 0 0 0 0 0 0 0 0 0 0 0 0 0 0 0 0 0 0 0 0 0 0 0 0 0]
t_label:[1 0 0 0 0 0 1 0 0 0 0 0 0 1 0 0 0 1 0 0 0 0 0 0 0 0 0 0 0 0 0 0 0 0 0 0 0
 0 0 0 1 0 0 0 0 0 0 0 0 0 1 0 0 0 0 0 0 1 0 1 0 0 0 0 0 0 0 0 1 0 0 0 0 0
 0 0 0 1 0 1 0 0 0 0 0 0 0 0 0 0 0 0 0 0 1 0 0 0 0 0]
actions: 12
right_actions: 1
tag_actions: 1
recall: 0.083333
precision: 1.000000
f_measure: 0.153846

total_actions: 90
total_right_actions: 8
total_tag_actions: 17
total_recall: 0.088889
total_precision: 0.470588
total_f_measure: 0.149533


Time cost 269s