

classifier 0
acc:
1.0
1.0
1.0
1.0
1.0
1.0
1.0
1.0
1.0
1.0


loss:
0.0205468303919
5.77827069554e-05
4.73286239536e-05
3.70660828511e-05
2.75075278544e-05
1.91896619568e-05
1.26739173952e-05
7.92509841962e-06
4.76635700993e-06
2.76552571615e-06


val_acc:
1.0
1.0
1.0
1.0
1.0
1.0
1.0
1.0
1.0
1.0


val_loss:
6.20591140019e-05
5.1920235075e-05
4.1457425885e-05
3.15225348789e-05
2.25635753437e-05
1.52020987695e-05
9.73188972156e-06
5.94694496282e-06
3.48958997165e-06
2.00488638959e-06




classifier 1
acc:
0.946022727273
1.0
1.0
1.0
1.0
1.0
1.0
1.0
1.0
1.0


loss:
0.0702003526941
0.000275113700561
0.000212866810299
0.000154094293645
0.000104309256792
6.66907491739e-05
4.08576895345e-05
2.42060068558e-05
1.39759037087e-05
7.89291830601e-06


val_acc:
1.0
1.0
1.0
1.0
1.0
1.0
1.0
1.0
1.0
1.0


val_loss:
0.000301583705798
0.000239529006649
0.000178635177277
0.000124475548298
8.10403421796e-05
5.04694048273e-05
3.02296856799e-05
1.76431911479e-05
1.0050225104e-05
5.63537010252e-06




classifier 2
acc:
0.957386363636
1.0
1.0
1.0
1.0
1.0
1.0
1.0
1.0
1.0


loss:
0.166356738403
0.00680859869515
0.00345436952458
0.00195473611397
0.00117113901069
0.000664544786559
0.000396225540581
0.000228530938991
0.000128112812407
7.78310389829e-05


val_acc:
1.0
1.0
1.0
1.0
1.0
1.0
1.0
1.0
1.0
1.0


val_loss:
0.00912898588418
0.00436023878865
0.00239748200825
0.00139245296701
0.000829115144866
0.00048332708221
0.000275522310403
0.000159387560085
9.61828303513e-05
5.3667024159e-05




classifier 3
acc:
0.838068181818
1.0
1.0
1.0
1.0
1.0
1.0
1.0
1.0
1.0


loss:
0.430017907511
0.0422954813323
0.0234974446622
0.0133797351948
0.00813571778549
0.00464206080968
0.0028576514345
0.00161692688496
0.000948658424684
0.000513749350582


val_acc:
1.0
1.0
1.0
1.0
1.0
1.0
1.0
1.0
1.0
1.0


val_loss:
0.0547610412944
0.0286452810873
0.0161861201579
0.00995709332214
0.00572614697739
0.00328311929479
0.00187072418207
0.00113232353364
0.000626534191807
0.00034141751927




classifier 4
acc:
0.889204545455
1.0
1.0
1.0
1.0
1.0
1.0
1.0
1.0
1.0


loss:
0.435729029165
0.0344599624249
0.0168022104454
0.00928731055253
0.00525140554898
0.00301075678065
0.00172803883271
0.00108056907563
0.000547019232975
0.00031778669588


val_acc:
1.0
1.0
1.0
1.0
1.0
1.0
1.0
1.0
1.0
1.0


val_loss:
0.0455823733725
0.0208454135467
0.0115526375276
0.00637032976374
0.00370019911365
0.00212175213859
0.00120405393483
0.000733157916164
0.000371292267863
0.000210804049857




classifier 5
acc:
0.857954545455
1.0
1.0
1.0
1.0
1.0
1.0
1.0
1.0
1.0


loss:
0.301966092803
0.0359033280137
0.0188268363814
0.0109827320345
0.00637153984809
0.00366843015548
0.00220373172355
0.00128545361275
0.000680736588865
0.00037238061354


val_acc:
1.0
1.0
1.0
1.0
1.0
1.0
1.0
1.0
1.0
1.0


val_loss:
0.0473304807462
0.0227905762467
0.0128455526957
0.00759642245248
0.00449532947757
0.00260151260194
0.0016623855124
0.000839187313845
0.000478073573587
0.000255519174971




classifier 6
acc:
0.877840909091
1.0
1.0
1.0
1.0
1.0
1.0
1.0
1.0
1.0


loss:
0.413402145559
0.0374410968613
0.0177416778593
0.00991393744268
0.00597256028347
0.0033274828033
0.00213437389836
0.00112494131
0.000621974814831
0.000360766616227


val_acc:
1.0
1.0
1.0
1.0
1.0
1.0
1.0
1.0
1.0
1.0


val_loss:
0.0510217537257
0.0225176220252
0.0127337588505
0.00704664190892
0.00403707967648
0.00227992077866
0.00135965350042
0.00078151690435
0.000460091806334
0.000254560981623




classifier 7
acc:
0.943181818182
1.0
1.0
1.0
1.0
1.0
1.0
1.0
1.0
1.0


loss:
0.173937981504
0.00880755752918
0.00471892919053
0.00254709676797
0.00147250626469
0.000833917477972
0.00048848773374
0.000276767038899
0.000166133212836
9.32520534579e-05


val_acc:
1.0
1.0
1.0
1.0
1.0
1.0
1.0
1.0
1.0
1.0


val_loss:
0.0127025781707
0.00629515446384
0.00305600091815
0.00180911162699
0.00106604456563
0.000580980119676
0.000335810788039
0.00019214365933
0.000110163421513
6.34082617497e-05




classifier 8
acc:
0.877840909091
1.0
1.0
1.0
1.0
1.0
1.0
1.0
1.0
1.0


loss:
0.41459685564
0.0339381312105
0.0165611164306
0.00879123133861
0.00504142253406
0.00290763337927
0.00165223696438
0.00101540944095
0.000611875902078
0.000292203492294


val_acc:
1.0
1.0
1.0
1.0
1.0
1.0
1.0
1.0
1.0
1.0


val_loss:
0.0459234998985
0.0204145960848
0.0106735096567
0.00611681004309
0.00343902567825
0.00198509019207
0.00115519499576
0.000659827243494
0.000357039746384
0.000211790002967




classifier 9
acc:
0.863636363636
1.0
1.0
1.0
1.0
1.0
1.0
1.0
1.0
1.0


loss:
0.354126915674
0.0311885247515
0.0162077494474
0.00873677923598
0.00512641761452
0.00301986018365
0.00178575311491
0.00101043226261
0.000584331219381
0.000342734597242


val_acc:
1.0
1.0
1.0
1.0
1.0
1.0
1.0
1.0
1.0
1.0


val_loss:
0.0423516620967
0.0225562040101
0.0105383137918
0.00645211131566
0.00361382571811
0.00211860910481
0.00121807693292
0.000695509587372
0.000454887840368
0.000222340195747




classifier 10
acc:
0.869318181818
1.0
1.0
1.0
1.0
1.0
1.0
1.0
1.0
1.0


loss:
0.363587573001
0.027325659821
0.0130333069458
0.00734813147309
0.00413142877038
0.00241594527721
0.00141801913163
0.000799650929614
0.000477204096652
0.000277437825306


val_acc:
1.0
1.0
1.0
1.0
1.0
1.0
1.0
1.0
1.0
1.0


val_loss:
0.0370172827759
0.0166285941377
0.0091171649454
0.00499956068498
0.00290502954952
0.00167986817277
0.000952115922701
0.000572056760906
0.0003282939195
0.00018150784705




classifier 11
acc:
0.875
1.0
1.0
1.0
1.0
1.0
1.0
1.0
1.0
1.0


loss:
0.356756914407
0.0360361263156
0.0170675787059
0.0094509137879
0.00546230900694
0.00344561848959
0.00176733887797
0.00108228019037
0.000641288960734
0.000340050345668


val_acc:
1.0
1.0
1.0
1.0
1.0
1.0
1.0
1.0
1.0
1.0


val_loss:
0.0549884831364
0.0210112849758
0.0115421652286
0.00650758596814
0.00395301295529
0.00228568210944
0.00124900022903
0.000785604246299
0.00040960804009
0.000227200667723




classifier 12
acc:
0.883522727273
1.0
1.0
1.0
1.0
1.0
1.0
1.0
1.0
1.0


loss:
0.332406107675
0.0213863386519
0.0107985084707
0.00587926720354
0.00352710341527
0.00207007391675
0.00126267248892
0.000700782598208
0.000438980296498
0.000240898310122


val_acc:
1.0
1.0
1.0
1.0
1.0
1.0
1.0
1.0
1.0
1.0


val_loss:
0.0296490947631
0.0131739791144
0.00719314288687
0.00424783147702
0.00243152491748
0.00151558179112
0.00086029290899
0.000511398665946
0.000400506436232
0.000157403870782




classifier 13
acc:
0.892045454545
1.0
1.0
1.0
1.0
1.0
1.0
1.0
1.0
1.0


loss:
0.316767970269
0.0372177299789
0.0183428010311
0.00959376863797
0.00545852119103
0.00318395208821
0.00185263841625
0.00107759039913
0.000656056657053
0.000342447726077


val_acc:
1.0
1.0
1.0
1.0
1.0
1.0
1.0
1.0
1.0
1.0


val_loss:
0.0506073822352
0.0216328757392
0.0115753233602
0.00674127740785
0.00387815769169
0.00220334745774
0.00133206910157
0.000727182233029
0.000443653648042
0.000224853902844




classifier 14
acc:
0.880681818182
1.0
1.0
1.0
1.0
1.0
1.0
1.0
1.0
1.0


loss:
0.348997920074
0.0260655971413
0.0117689164101
0.00654963399707
0.00379696934992
0.0023131541675
0.00132052922643
0.000776244610527
0.00045610434344
0.000258850781723


val_acc:
1.0
1.0
1.0
1.0
1.0
1.0
1.0
1.0
1.0
1.0


val_loss:
0.0330888877877
0.0142799831757
0.00802526043051
0.00455952683379
0.00276850826446
0.00160307813944
0.000941419619432
0.000590621163031
0.000300895212356
0.000180315735633




classifier 15
acc:
0.860795454545
1.0
1.0
1.0
1.0
1.0
1.0
1.0
1.0
1.0


loss:
0.336409549144
0.0333867477761
0.0176847236739
0.0101467412473
0.00598295866935
0.00343100383708
0.00197997713589
0.00113925600784
0.000663442449877
0.000381823094689


val_acc:
1.0
1.0
1.0
1.0
1.0
1.0
1.0
1.0
1.0
1.0


val_loss:
0.0420485352251
0.0206891709769
0.0123712835325
0.00711542321369
0.00418227182871
0.00250373260033
0.00135934319008
0.000796947797591
0.000452206361594
0.000251582993025




classifier 16
acc:
0.894886363636
1.0
1.0
1.0
1.0
1.0
1.0
1.0
1.0
1.0


loss:
0.378207856281
0.0145490167832
0.00683830276301
0.00347937867892
0.00197831288361
0.0011784752344
0.000662547663193
0.000352895686361
0.000204306927944
0.0001177876435


val_acc:
1.0
1.0
1.0
1.0
1.0
1.0
1.0
1.0
1.0
1.0


val_loss:
0.0205659163608
0.00859335547482
0.00462784884836
0.0024169057142
0.0013902006057
0.00081317667553
0.000444314019247
0.000250200907679
0.000146907116604
8.11620557215e-05




classifier 17
acc:
0.889204545455
1.0
1.0
1.0
1.0
1.0
1.0
1.0
1.0
1.0


loss:
0.243961263787
0.0145886608992
0.00765027618036
0.00398940739053
0.00228877362414
0.00134271842597
0.000783220277464
0.000454274175519
0.000262764774644
0.000150578226815


val_acc:
1.0
1.0
1.0
1.0
1.0
1.0
1.0
1.0
1.0
1.0


val_loss:
0.0204185750335
0.00911643635482
0.00492026280104
0.00283142331649
0.00163678748702
0.00096071165436
0.000557220546232
0.00031945851515
0.000183366713992
0.000113065765287




classifier 18
acc:
0.860795454545
1.0
1.0
1.0
1.0
1.0
1.0
1.0
1.0
1.0


loss:
0.383012523367
0.0365390562537
0.0179193400016
0.00970147321509
0.00583134841343
0.00355500772341
0.00199537279762
0.00121539895719
0.000641995543529
0.000388711968712


val_acc:
1.0
1.0
1.0
1.0
1.0
1.0
1.0
1.0
1.0
1.0


val_loss:
0.0486801466481
0.0214155878533
0.0121360373768
0.00696523280137
0.0041321656582
0.00241772287568
0.00143810716161
0.00078838937175
0.000441243162971
0.000252901628053




classifier 19
acc:
0.846590909091
1.0
1.0
1.0
1.0
1.0
1.0
1.0
1.0
1.0


loss:
0.379502349956
0.0406349856745
0.0197204072875
0.0120509823954
0.00676644936373
0.00390773459168
0.00223864889069
0.00143907858397
0.000704998462673
0.000411346366904


val_acc:
1.0
1.0
1.0
1.0
1.0
1.0
1.0
1.0
1.0
1.0


val_loss:
0.0542156130753
0.0245315938849
0.0141050283035
0.00849805840037
0.00473040863025
0.00272851392881
0.00158225345976
0.000912209041417
0.000500920257764
0.000302530579078




classifier 20
acc:
0.863636363636
1.0
1.0
1.0
1.0
1.0
1.0
1.0
1.0
1.0


loss:
0.455996250564
0.0499994341623
0.0229801599952
0.0133034383709
0.00788153716448
0.00474206309512
0.00251711933577
0.00154073865534
0.000867431575898
0.00048345156723


val_acc:
1.0
1.0
1.0
1.0
1.0
1.0
1.0
1.0
1.0
1.0


val_loss:
0.0735618221489
0.0285280125046
0.0157012008131
0.00907631091435
0.00548951594498
0.00302240915004
0.00174404040445
0.00105860952119
0.000567508374595
0.000349060650809




classifier 21
acc:
0.988636363636
1.0
1.0
1.0
1.0
1.0
1.0
1.0
1.0
1.0


loss:
0.106348350348
0.00180331738772
0.000876219747376
0.000496117175895
0.000277557755577
0.000157338785357
9.3974950935e-05
5.45799301273e-05
2.98352189764e-05
1.74767095483e-05


val_acc:
1.0
1.0
1.0
1.0
1.0
1.0
1.0
1.0
1.0
1.0


val_loss:
0.00238433725793
0.00111268021547
0.000611225963274
0.000339866679331
0.000195973192934
0.000116122840237
6.62811011849e-05
3.81645884111e-05
2.25775582459e-05
1.2469950062e-05




classifier 22
acc:
0.894886363636
1.0
1.0
1.0
1.0
1.0
1.0
1.0
1.0
1.0


loss:
0.274127563123
0.0204857181419
0.0099418758076
0.00532620021311
0.00309882319363
0.00179564323149
0.00104810154087
0.000587791082746
0.000338747438615
0.000192489612594


val_acc:
1.0
1.0
1.0
1.0
1.0
1.0
1.0
1.0
1.0
1.0


val_loss:
0.0273218459704
0.011805289425
0.00655996024778
0.0038271188863
0.00213406388436
0.00125349826306
0.000740238809323
0.000403390244835
0.000235340638689
0.000136522000751




classifier 23
acc:
0.872159090909
1.0
1.0
1.0
1.0
1.0
1.0
1.0
1.0
1.0


loss:
0.332390180027
0.0226938045499
0.0108978838914
0.00619714554738
0.00363514405167
0.00204253286674
0.0011946762785
0.000703111915341
0.000439252545634
0.000245814506674


val_acc:
1.0
1.0
1.0
1.0
1.0
1.0
1.0
1.0
1.0
1.0


val_loss:
0.0295983605425
0.0133850229904
0.00751595101743
0.00417827522721
0.00251451511444
0.00144091399852
0.000899716052862
0.000509188282939
0.000285598452055
0.000166156050082




classifier 24
acc:
0.883522727273
1.0
1.0
1.0
1.0
1.0
1.0
1.0
1.0
1.0


loss:
0.305923462761
0.016101767563
0.0085506608117
0.00485934041948
0.00297250997656
0.00179405352736
0.00105860232725
0.000619666050294
0.000361287323441
0.000206712908535


val_acc:
1.0
1.0
1.0
1.0
1.0
1.0
1.0
1.0
1.0
1.0


val_loss:
0.0213679328391
0.0102227860215
0.00591385669329
0.00355678108859
0.00212104467209
0.00126185050679
0.00075442733677
0.000441451194506
0.00024642923778
0.000144033081597




classifier 25
acc:
0.846590909091
1.0
1.0
1.0
1.0
1.0
1.0
1.0
1.0
1.0


loss:
0.424138916148
0.0541822708804
0.0249452760274
0.0140442090448
0.00781824731861
0.00463852104308
0.00283905560024
0.00147103152598
0.000854022906755
0.000466803475071


val_acc:
1.0
1.0
1.0
1.0
1.0
1.0
1.0
1.0
1.0
1.0


val_loss:
0.103259319609
0.0298321514644
0.0167996002869
0.00987409622493
0.00554480424828
0.00339392352511
0.0017985321412
0.00102686559231
0.00057666777866
0.000316567213634




classifier 26
acc:
0.954545454545
1.0
1.0
1.0
1.0
1.0
1.0
1.0
1.0
1.0


loss:
0.189294186844
0.0132659089498
0.00710069523616
0.00418700988997
0.00240781605879
0.00140424561158
0.000846563589717
0.000459945580753
0.000253385069134
0.000142148287771


val_acc:
1.0
1.0
1.0
1.0
1.0
1.0
1.0
1.0
1.0
1.0


val_loss:
0.0179965015162
0.00867602025921
0.00489066147499
0.00302675618282
0.00166609183758
0.00095460510982
0.000524909854655
0.000309830539415
0.000171718526293
9.63370713924e-05




classifier 27
acc:
0.877840909091
1.0
1.0
1.0
1.0
1.0
1.0
1.0
1.0
1.0


loss:
0.330198614773
0.0311920226298
0.0157898531549
0.0089767254381
0.00504781132225
0.00275884765539
0.00168433420318
0.000963184728541
0.000546850110616
0.000295609424938


val_acc:
1.0
1.0
1.0
1.0
1.0
1.0
1.0
1.0
1.0
1.0


val_loss:
0.0438243479214
0.0219989705153
0.010362775827
0.00610757978972
0.00343287405981
0.00196276373357
0.00116960368839
0.000673971837386
0.000410855649865
0.000204469761229




classifier 28
acc:
0.946022727273
1.0
1.0
1.0
1.0
1.0
1.0
1.0
1.0
1.0


loss:
0.157160088759
0.0133571928706
0.00640271201899
0.00362250405702
0.00211098207034
0.00123496376909
0.0006807071596
0.000390813580122
0.000222598341431
0.000133324712144


val_acc:
1.0
1.0
1.0
1.0
1.0
1.0
1.0
1.0
1.0
1.0


val_loss:
0.0199442410164
0.00779603324323
0.00450527098623
0.00253195407673
0.00148333379978
0.000847208564995
0.000467827395451
0.000285360930403
0.000176262909504
8.78636773533e-05




classifier 29
acc:
0.869318181818
1.0
1.0
1.0
1.0
1.0
1.0
1.0
1.0
1.0


loss:
0.487014951354
0.0440115278417
0.0219049787318
0.012008481405
0.00702957834371
0.00422747344287
0.00241041482977
0.00134861987846
0.000790124351624
0.000449361491271


val_acc:
1.0
1.0
1.0
1.0
1.0
1.0
1.0
1.0
1.0
1.0


val_loss:
0.0600274276327
0.0296686344187
0.0149564107203
0.00854679493403
0.00519646234302
0.00281783021902
0.00163929552813
0.00100948235062
0.00055499834707
0.000303014242408




classifier 30
acc:
0.957386363636
1.0
1.0
1.0
1.0
1.0
1.0
1.0
1.0
1.0


loss:
0.157244820023
0.0118420329368
0.00557651904158
0.00314306749285
0.00185888662765
0.00103444032456
0.000589035962052
0.000338439109989
0.000192734672138
0.000109476109422


val_acc:
1.0
1.0
1.0
1.0
1.0
1.0
1.0
1.0
1.0
1.0


val_loss:
0.0249357462268
0.00672458290038
0.00365000044588
0.00233520717699
0.0012360554379
0.000714017432818
0.000414362195773
0.000234213398389
0.000131943207552
8.22696377079e-05




classifier 31
acc:
0.897727272727
1.0
1.0
1.0
1.0
1.0
1.0
1.0
1.0
1.0


loss:
0.337888580493
0.0316938768056
0.0168182210658
0.00973566494543
0.00541277140887
0.00304521565241
0.00178210842635
0.00102497797078
0.000564512323101
0.000316895615966


val_acc:
1.0
1.0
1.0
1.0
1.0
1.0
1.0
1.0
1.0
1.0


val_loss:
0.0419215156951
0.0205000151287
0.0118125403639
0.00638780510053
0.00397763536735
0.00213293612681
0.00120159144386
0.000694154576525
0.000405388019069
0.000213047998841




classifier 32
acc:
0.875
1.0
1.0
1.0
1.0
1.0
1.0
1.0
1.0
1.0


loss:
0.372950901023
0.036918071014
0.0182492628863
0.0102757385678
0.00594774879177
0.00348350043747
0.00196091529109
0.00109835016139
0.000665361313044
0.000354558224155


val_acc:
1.0
1.0
1.0
1.0
1.0
1.0
1.0
1.0
1.0
1.0


val_loss:
0.0522366145795
0.0222128390927
0.0131488121538
0.00716791907325
0.00402345870283
0.00233120361174
0.00136484831191
0.000806871288329
0.000490705726076
0.000240099187729




classifier 33
acc:
0.838068181818
1.0
1.0
1.0
1.0
1.0
1.0
1.0
1.0
1.0


loss:
0.454690195959
0.035210209814
0.018998160535
0.0114149761979
0.00669295353476
0.00406505357982
0.00233756107363
0.00132707001599
0.000781433296983
0.000457451906352


val_acc:
1.0
1.0
1.0
1.0
1.0
1.0
1.0
1.0
1.0
1.0


val_loss:
0.0457354861904
0.024690750817
0.0133625175804
0.00784076233818
0.0052766953595
0.00331092769788
0.00162356753241
0.000942749045366
0.00060613139596
0.000313820793632




classifier 34
acc:
0.943181818182
1.0
1.0
1.0
1.0
1.0
1.0
1.0
1.0
1.0


loss:
0.261924573982
0.0187005994164
0.00974281508984
0.00572756925513
0.00324315845501
0.0019139934183
0.00109260942025
0.000630575057585
0.000349629802672
0.000202362703435


val_acc:
1.0
1.0
1.0
1.0
1.0
1.0
1.0
1.0
1.0
1.0


val_loss:
0.0255164619197
0.0138640769503
0.00665147301995
0.00408150469461
0.0022175271191
0.00139807404908
0.00078498644077
0.000418494855033
0.000257000958134
0.000144442653188




classifier 35
acc:
0.880681818182
1.0
1.0
1.0
1.0
1.0
1.0
1.0
1.0
1.0


loss:
0.384240485389
0.0272448618304
0.0136681034822
0.00765994445167
0.0044055219782
0.0025862485636
0.00153961847536
0.00087799223415
0.000492974761238
0.000283810048131


val_acc:
1.0
1.0
1.0
1.0
1.0
1.0
1.0
1.0
1.0
1.0


val_loss:
0.038280242546
0.0174587895586
0.00922817635265
0.00605493864383
0.00301915339448
0.00176339984914
0.00100773036353
0.000591229107654
0.00033657292211
0.000197846553585




classifier 36
acc:
0.900568181818
1.0
1.0
1.0
1.0
1.0
1.0
1.0
1.0
1.0


loss:
0.291957608678
0.0289509868757
0.0159741301428
0.00933635412631
0.00528948612257
0.00323394082741
0.0018131508947
0.00103444439909
0.000595569441264
0.000346468131862


val_acc:
1.0
1.0
1.0
1.0
1.0
1.0
1.0
1.0
1.0
1.0


val_loss:
0.0465905381875
0.0194307563996
0.0110576500777
0.00628420816396
0.00378798854283
0.00239436813122
0.00126782793086
0.000690611968325
0.00038679981001
0.000275192938385




classifier 37
acc:
0.96875
1.0
1.0
1.0
1.0
1.0
1.0
1.0
1.0
1.0


loss:
0.12233365615
0.00917284503918
0.00508379586972
0.00246048690116
0.00149204239609
0.000872196121649
0.000503220046415
0.000299412085124
0.000171710054432
0.000100639219123


val_acc:
1.0
1.0
1.0
1.0
1.0
1.0
1.0
1.0
1.0
1.0


val_loss:
0.0117460984567
0.00553379406814
0.00298362041146
0.00176331334197
0.00107587837953
0.000652848166117
0.000383406673791
0.000202736739249
0.000110256869944
6.07482057107e-05




classifier 38
acc:
0.903409090909
1.0
1.0
1.0
1.0
1.0
1.0
1.0
1.0
1.0


loss:
0.266547957943
0.0185291038995
0.00899596529251
0.00486985386603
0.00273515544408
0.00163416423708
0.000978161654943
0.00056747370135
0.000314741199624
0.000179677917252


val_acc:
1.0
1.0
1.0
1.0
1.0
1.0
1.0
1.0
1.0
1.0


val_loss:
0.0255098681558
0.0123129125515
0.00579418508675
0.00331868025982
0.00195450932634
0.00119935943406
0.000672827898101
0.000379659074083
0.000230401999116
0.000132952192375




classifier 39
acc:
0.960227272727
1.0
1.0
1.0
1.0
1.0
1.0
1.0
1.0
1.0


loss:
0.183691000793
0.010388166305
0.0056560585614
0.00341177069243
0.00205013874537
0.0012304721379
0.000758592108138
0.000448812704152
0.000243374017538
0.000145280179409


val_acc:
1.0
1.0
1.0
1.0
1.0
1.0
1.0
1.0
1.0
1.0


val_loss:
0.0131277905946
0.00691686244681
0.00409979047254
0.002466048622
0.00151657432699
0.000901278351772
0.000514391989617
0.000309170520102
0.000167236942533
9.57798805426e-05




classifier 40
acc:
0.846590909091
1.0
1.0
1.0
1.0
1.0
1.0
1.0
1.0
1.0


loss:
0.461871133609
0.0427871690216
0.0219182731076
0.0120394845408
0.00677413324063
0.00410748476332
0.00229404542849
0.00135123417501
0.000833223303992
0.000465001707198


val_acc:
1.0
1.0
1.0
1.0
1.0
1.0
1.0
1.0
1.0
1.0


val_loss:
0.0607965625823
0.0273420036855
0.0152769986201
0.00822434730997
0.00478194861419
0.00293064627542
0.00158427682155
0.00106133122145
0.000534967498176
0.000296104786685




classifier 41
acc:
0.886363636364
1.0
1.0
1.0
1.0
1.0
1.0
1.0
1.0
1.0


loss:
0.355110682886
0.0378632813015
0.0188470693644
0.00996684922244
0.00569484471767
0.00325913335705
0.00187695484651
0.00111645739526
0.000618872714271
0.000368405951039


val_acc:
1.0
1.0
1.0
1.0
1.0
1.0
1.0
1.0
1.0
1.0


val_loss:
0.049355269833
0.0216783835468
0.0133017654615
0.00689713199708
0.00390952628699
0.00225166662131
0.00139791256515
0.000747162335425
0.000458080959189
0.000235544475303




classifier 42
acc:
0.897727272727
1.0
1.0
1.0
1.0
1.0
1.0
1.0
1.0
1.0


loss:
0.227735457095
0.0165161309256
0.00811048821461
0.00446907985447
0.00264623066918
0.0015439519828
0.000860462293283
0.000497887030096
0.000290156925489
0.000167021790482


val_acc:
1.0
1.0
1.0
1.0
1.0
1.0
1.0
1.0
1.0
1.0


val_loss:
0.0240134259855
0.0100917551159
0.00548442313448
0.00320843545805
0.00178240949754
0.00104196445847
0.00059092953399
0.000339215015463
0.000211399012848
0.000109161406396




classifier 43
acc:
0.951704545455
1.0
1.0
1.0
1.0
1.0
1.0
1.0
1.0
1.0


loss:
0.159176372669
0.0128536822105
0.00699646897953
0.00438598628071
0.00278793360022
0.00158054340334
0.000937149590093
0.000552017969312
0.000308129588534
0.000172537559675


val_acc:
1.0
1.0
1.0
1.0
1.0
1.0
1.0
1.0
1.0
1.0


val_loss:
0.0164993776178
0.00845146238465
0.00551973236725
0.00309474798004
0.00187809067905
0.00112018895081
0.000658765482843
0.000359945454296
0.00020964078166
0.000112016479596




classifier 44
acc:
0.875
1.0
1.0
1.0
1.0
1.0
1.0
1.0
1.0
1.0


loss:
0.415300702507
0.0265860213813
0.0120692024515
0.00679205950688
0.00400474860164
0.00235372317151
0.00140676218805
0.000829082395119
0.000508921107129
0.000261838137786


val_acc:
1.0
1.0
1.0
1.0
1.0
1.0
1.0
1.0
1.0
1.0


val_loss:
0.036477170038
0.0161741822111
0.0081590146927
0.00477472887459
0.00297769965519
0.00182343349496
0.000981831600339
0.000600097089773
0.000315235930347
0.000185733422933




classifier 45
acc:
0.872159090909
1.0
1.0
1.0
1.0
1.0
1.0
1.0
1.0
1.0


loss:
0.37868072736
0.0303565035151
0.01659925282
0.00975453828207
0.00559000704776
0.00346815776588
0.00197723316325
0.00118506538407
0.000644119366453
0.0003716875799


val_acc:
1.0
1.0
1.0
1.0
1.0
1.0
1.0
1.0
1.0
1.0


val_loss:
0.0407624420795
0.0195609012788
0.0114157205786
0.00704908502203
0.00411327873272
0.00236008168114
0.00133019194684
0.000786164288663
0.00047993402272
0.000251738367793




classifier 46
acc:
0.889204545455
1.0
1.0
1.0
1.0
1.0
1.0
1.0
1.0
1.0


loss:
0.263610684398
0.0232595622709
0.0118626526726
0.00686037989164
0.00455367452973
0.00255459572443
0.0014678789726
0.000812810660467
0.000490767227761
0.00028311692718


val_acc:
1.0
1.0
1.0
1.0
1.0
1.0
1.0
1.0
1.0
1.0


val_loss:
0.0292491220276
0.0143691409718
0.0081046525897
0.00491216080263
0.00291486763903
0.00242393224669
0.000954244116491
0.000671573602383
0.000342409324896
0.00019073776705




classifier 47
acc:
0.857954545455
1.0
1.0
1.0
1.0
1.0
1.0
1.0
1.0
1.0


loss:
0.379043258388
0.0454897724769
0.0195775863461
0.012689485892
0.00683572604744
0.00400039907122
0.00269888892812
0.00137094720478
0.000831039289055
0.000448747585655


val_acc:
1.0
1.0
1.0
1.0
1.0
1.0
1.0
1.0
1.0
1.0


val_loss:
0.119133987887
0.0240630046888
0.0149145696143
0.00808379494331
0.00486636739648
0.00286604080942
0.00171549672219
0.00105537231271
0.000557496127757
0.000338058845955




classifier 48
acc:
0.971590909091
1.0
1.0
1.0
1.0
1.0
1.0
1.0
1.0
1.0


loss:
0.0978190798302
0.00467962468974
0.00265912180343
0.00161343216049
0.00100961531809
0.000622254780451
0.000329082864813
0.000205217999544
0.000112303396401
6.21242460594e-05


val_acc:
1.0
1.0
1.0
1.0
1.0
1.0
1.0
1.0
1.0
1.0


val_loss:
0.00635701430623
0.00324308497577
0.00194951376497
0.00118345012677
0.000700578881978
0.000414238054707
0.000240349496545
0.000132701559447
7.59144492225e-05
4.48674720908e-05




classifier 49
acc:
0.883522727273
1.0
1.0
1.0
1.0
1.0
1.0
1.0
1.0
1.0


loss:
0.382561434653
0.0211032690819
0.00966484865851
0.00510520936752
0.00283828067636
0.00167069558732
0.000934454242022
0.000552999072666
0.000335314920945
0.000182983486659


val_acc:
1.0
1.0
1.0
1.0
1.0
1.0
1.0
1.0
1.0
1.0


val_loss:
0.0305022995242
0.0123867386613
0.00635728024116
0.00350146704692
0.00197756559249
0.00114058405796
0.000672374137635
0.000417374331102
0.000224435331554
0.000140530686953



choose    1    1
a    0    0
crystal    0    0
that    0    0
works    0    0
for    0    0
you    0    0
open    1    0
your    0    0
mind    0    0
to    0    0
the    0    0
idea    0    0
that    0    0
each    0    0
crystal    0    0
has    0    0
an    0    0
exclusive    0    0
'energy    0    0
medicine'    0    0
that    0    0
can    0    0
assist    0    0
you    0    0
in    0    0
your    0    0
life    0    0
right    0    0
now    0    0
remember    1    0
the    0    0
Ancients    0    0
have    0    0
known    0    0
about    0    0
the    0    0
power    0    0
of    0    0
crystals    0    0
for    0    0
centuries    0    0
allow    1    0
yourself    0    0
to    0    0
be    0    0
intuitive    0    0
to    0    0
the    0    0
process    0    0
check    1    1
for    0    0
Diagnostic    0    0
Trouble    0    0
Codes    0    0
get    1    0
into    0    0
your    0    0
vehicle    0    0
and    0    0
make    1    0
sure    0    0
the    0    0
hood    0    0
rear    0    0
tailgate    0    0
and    0    0
all    0    0
doors    0    0
on    0    0
your    0    0
vehicle    0    0
are    0    0
shut    0    0
insert    1    0
your    0    0
key    0    0
into    0    0
the    0    0
ignition    0    0
slot    0    0
and    0    0
turn    1    0
it    0    0
from    0    0
'Off'    0    0
to    0    0
'On'    0    0
3-5    0    0
times    0    0
until    0    0
'DTC    0    0
REPORT'    0    0
appears    0    0
in    0    0
the    0    0
odometer    0    0
display    0    0
for    0    0
2005-2010    0    0
wash    1    1
and    0    0
wax    1    0
a    0    0
car    0    0
with    0    0
waterless    0    0
carwash    0    0
all    0    0
you    0    0
need    1    0
is    0    0
waterless    0    0
carwash    0    0
1    0    0
or    0    0
2    0    0
microfiber    0    0
cloths    0    0
and    0    0
a    0    0
little    0    0
bit    0    0
of    0    0
shade    0    0
of    0    0
course    0    0
you    0    0
might    0    0
want    0    0
to    0    0
wash    1    0
your    0    0
car    0    0
with    0    0
water    0    0
and    0    0
soap    0    0
if    0    0
it's    0    0
very    0    0
dirty    0    0
before    0    0
proceeding    0    0
with    0    0
the    0    0
waterless    0    0
carwash-wax    0    0
lightly    0    0
cover    1    0
register    1    1
your    0    0
vehicle    0    0
in    0    0
California    0    0
ensure    1    0
that    0    0
you    0    0
have    1    0
the    0    0
title    0    0
or    0    0
pink    0    0
slip    0    0
for    0    0
the    0    0
vehicle    0    0
from    0    0
the    0    0
other    0    0
state    0    0
get    1    0
a    0    0
smog    0    0
check    0    0
if    0    0
your    0    0
vehicle    0    0
is    0    0
diesel    0    0
the    0    0
smog    0    0
check    1    0
is    0    0
required    0    0
for    0    0
only    0    0
those    0    0
vehicles    0    0
manufactured    0    0
from    0    0
1996    0    0
and    0    0
newer    0    0
obtain    1    0
a    0    0
VIN    0    0
verification    0    0
get    1    0
this    0    0
remove    1    1
a    0    0
steering    0    0
wheel    0    0
from    0    0
a    0    0
tractor    0    0
assemble    1    0
the    0    0
items    0    0
needed    0    0
park    1    0
the    0    0
tractor    0    0
somewhere    0    0
safe    0    0
and    0    0
ensure    1    0
that    0    0
it    0    0
is    0    0
completely    0    0
turned    0    0
off    0    0
and    0    0
it    0    0
is    0    0
sitting    0    0
where    0    0
it    0    0
cannot    0    0
move    0    0
slacken    1    0
the    0    0
centre    0    0
nut    0    0
first    0    0
by    0    0
backing    1    0
it    0    0
off    0    0
by    0    0
a    0    0
few    0    0
turns    0    0
but    0    0
leaving    1    0
it    0    0
in    0    0
place    0    0
start    1    1
free    0    0
pilot    0    0
training    0    0
online    0    0
with    0    0
AOPA    0    0
go    1    0
to    0    0
AOPA's    0    0
website    0    0
and    0    0
click    1    0
on    0    0
Login    0    0
then    0    0
scroll    1    0
down    0    0
to    0    0
Create    0    0
an    0    0
Account    0    0
however    0    0
you    0    0
still    0    0
need    0    0
to    0    0
open    1    0
an    0    0
account    0    0
to    0    0
take    1    0
any    0    0
of    0    0
the    0    0
online    0    0
courses    0    0
hover    1    0
over    0    0
Training    0    0
and    0    0
Safety    0    0
then    0    0
scroll    1    0
down    0    0
to    0    0
select    1    0
On    0    0
Line    0    0
Learning    0    0
stay    1    1
safe    0    0
in    0    0
a    0    0
parking    0    0
garage    0    0
when    0    0
entering    1    0
store    0    0
park    0    0
next    0    0
to    0    0
the    0    0
nearest    0    0
lit    0    0
spot    0    0
even    0    0
parking    1    0
next    0    0
to    0    0
a    0    0
little    0    0
of    0    0
light    0    0
is    0    0
better    0    0
then    0    0
no    0    0
light    0    0
at    0    0
all    0    0
avoid    1    0
parking    1    0
next    0    0
to    0    0
a    0    0
van    0    0
while    0    0
in    0    0
the    0    0
car    0    0
write    1    0
down    0    0
on    0    0
a    0    0
piece    0    0
of    0    0
paper    0    0
the    0    0
spot    0    0
stock    1    1
a    0    0
car    0    0
trunk    0    0
with    0    0
necessities    0    0
add    1    0
emergency    0    0
supplies    0    0
and    0    0
vehicle    0    0
maintenance    0    0
tools    0    0
use    1    0
a    0    0
container    0    0
to    0    0
hold    1    0
groceries    0    0
a    0    0
crate    0    0
can    0    0
be    0    0
useful    0    0
for    0    0
groceries    0    0
so    0    0
that    0    0
they    0    0
don't    0    0
roll    0    0
and    0    0
tumble    0    0
when    0    0
you    0    0
drive    0    0
home    0    0
and    0    0
if    0    0
you    0    0
live    1    0
a    0    0
good    0    0
distance    0    0
from    0    0
the    0    0
grocery    0    0
store    0    0
you    0    0
can    0    0

predicted results:


text_num: 0
pr:[1 0 0 0 0 0 0 0 0 0 0 0 0 0 0 0 0 0 0 0 0 0 0 0 0 0 0 0 0 0 0 0 0 0 0 0 0
 0 0 0 0 0 0 0 0 0 0 0 0 0]
t_label:[1 0 0 0 0 0 0 1 0 0 0 0 0 0 0 0 0 0 0 0 0 0 0 0 0 0 0 0 0 0 1 0 0 0 0 0 0
 0 0 0 0 0 1 0 0 0 0 0 0 0]
actions: 4
right_actions: 1
tag_actions: 1
recall: 0.250000
precision: 1.000000
f_measure: 0.400000

text_num: 1
pr:[1 0 0 0 0 0 0 0 0 0 0 0 0 0 0 0 0 0 0 0 0 0 0 0 0 0 0 0 0 0 0 0 0 0 0 0 0
 0 0 0 0 0 0 0 0 0 0 0 0 0]
t_label:[1 0 0 0 0 1 0 0 0 0 1 0 0 0 0 0 0 0 0 0 0 0 0 0 1 0 0 0 0 0 0 0 1 0 0 0 0
 0 0 0 0 0 0 0 0 0 0 0 0 0]
actions: 5
right_actions: 1
tag_actions: 1
recall: 0.200000
precision: 1.000000
f_measure: 0.333333

text_num: 2
pr:[1 0 0 0 0 0 0 0 0 0 0 0 0 0 0 0 0 0 0 0 0 0 0 0 0 0 0 0 0 0 0 0 0 0 0 0 0
 0 0 0 0 0 0 0 0 0 0 0 0 0]
t_label:[1 0 1 0 0 0 0 0 0 0 1 0 0 0 0 0 0 0 0 0 0 0 0 0 0 0 0 0 0 0 0 1 0 0 0 0 0
 0 0 0 0 0 0 0 0 0 0 0 0 1]
actions: 5
right_actions: 1
tag_actions: 1
recall: 0.200000
precision: 1.000000
f_measure: 0.333333

text_num: 3
pr:[1 0 0 0 0 0 0 0 0 0 0 0 0 0 0 0 0 0 0 0 0 0 0 0 0 0 0 0 0 0 0 0 0 0 0 0 0
 0 0 0 0 0 0 0 0 0 0 0 0 0]
t_label:[1 0 0 0 0 1 0 0 1 0 0 0 0 0 0 0 0 0 0 0 0 1 0 0 0 0 0 0 0 0 0 0 1 0 0 0 0
 0 0 0 0 0 0 0 1 0 0 0 1 0]
actions: 7
right_actions: 1
tag_actions: 1
recall: 0.142857
precision: 1.000000
f_measure: 0.250000

text_num: 4
pr:[1 0 0 0 0 0 0 0 0 0 0 0 0 0 0 0 0 0 0 0 0 0 0 0 0 0 0 0 0 0 0 0 0 0 0 0 0
 0 0 0 0 0 0 0 0 0 0 0 0 0]
t_label:[1 0 0 0 0 0 0 1 0 0 0 1 0 0 0 0 0 1 0 0 0 0 0 0 0 0 0 0 0 0 0 0 1 0 0 0 0
 0 1 0 0 0 0 0 0 0 1 0 0 0]
actions: 7
right_actions: 1
tag_actions: 1
recall: 0.142857
precision: 1.000000
f_measure: 0.250000

text_num: 5
pr:[1 0 0 0 0 0 0 0 0 0 0 0 0 0 0 0 0 0 0 0 0 0 0 0 0 0 0 0 0 0 0 0 0 0 0 0 0
 0 0 0 0 0 0 0 0 0 0 0 0 0]
t_label:[1 0 0 0 0 0 0 1 0 0 0 0 1 0 0 0 1 0 0 0 0 0 0 0 0 0 0 1 0 0 0 1 0 0 0 0 0
 1 0 0 0 0 0 1 0 0 1 0 0 0]
actions: 9
right_actions: 1
tag_actions: 1
recall: 0.111111
precision: 1.000000
f_measure: 0.200000

text_num: 6
pr:[1 0 0 0 0 0 0 0 0 0 0 0 0 0 0 0 0 0 0 0 0 0 0 0 0 0 0 0 0 0 0 0 0 0 0 0 0
 0 0 0 0 0 0 0 0 0 0 0 0 0]
t_label:[1 0 0 0 0 0 0 1 0 0 0 0 0 0 0 0 0 1 0 0 0 0 0 0 0 0 0 0 0 0 0 1 1 0 0 0 0
 0 0 0 0 1 0 0 0 0 0 0 0 0]
actions: 6
right_actions: 1
tag_actions: 1
recall: 0.166667
precision: 1.000000
f_measure: 0.285714

text_num: 7
pr:[1 0 0 0 0 0 0 0 0 0 0 0 0 0 0 0 0 0 0 0 0 0 0 0 0 0 0 0 0 0 0 0 0 0 0 0 0
 0 0 0 0 0 0 0 0 0 0 0 0 0]
t_label:[1 0 0 0 0 0 1 0 0 0 0 0 0 1 0 0 0 1 0 0 0 0 0 0 0 0 0 0 0 0 0 0 0 0 0 0 0
 0 0 0 1 0 0 0 0 0 0 0 0 0]
actions: 5
right_actions: 1
tag_actions: 1
recall: 0.200000
precision: 1.000000
f_measure: 0.333333

total_actions: 48
total_right_actions: 8
total_tag_actions: 8
total_recall: 0.166667
total_precision: 1.000000
total_f_measure: 0.285714


Time cost 220s