

classifier 0
acc:
1.0
1.0
1.0
1.0
1.0
1.0
1.0
1.0
1.0
1.0


loss:
0.00216316369903
7.89021040956e-06
6.48711536335e-06
4.98174676977e-06
3.58136761943e-06
2.41365351237e-06
1.54261051028e-06
9.34709848107e-07
5.46263252814e-07
3.08521859696e-07


val_acc:
1.0
1.0
1.0
1.0
1.0
1.0
1.0
1.0
1.0
1.0


val_loss:
8.44494702919e-06
7.13904778009e-06
5.64620788943e-06
4.17233724709e-06
2.87728440443e-06
1.88838607135e-06
1.16500083633e-06
6.93581677586e-07
3.95558244422e-07
2.33000025415e-07




classifier 1
acc:
0.931818181818
1.0
1.0
1.0
1.0
1.0
1.0
1.0
1.0
1.0


loss:
0.0797953885631
0.000465917493619
0.000322577649389
0.000211957996891
0.000133252573671
8.06010459862e-05
4.76508129478e-05
2.75714183689e-05
1.57269951987e-05
8.80427056803e-06


val_acc:
1.0
1.0
1.0
1.0
1.0
1.0
1.0
1.0
1.0
1.0


val_loss:
0.000534336990148
0.000380913057597
0.000254850118918
0.000163233522802
9.9972575051e-05
5.96871147784e-05
3.47747300111e-05
1.99732469561e-05
1.12626549625e-05
6.26257848456e-06




classifier 2
acc:
0.911931818182
1.0
1.0
1.0
1.0
1.0
1.0
1.0
1.0
1.0


loss:
0.147264052944
0.00674504524266
0.003431761722
0.00193957777017
0.00113381371325
0.000635448303497
0.000390086520135
0.000228155479073
0.000130199904644
7.38052708171e-05


val_acc:
1.0
1.0
1.0
1.0
1.0
1.0
1.0
1.0
1.0
1.0


val_loss:
0.010568996722
0.00433886772953
0.0024186314126
0.00140452062161
0.000802580251316
0.000464791006049
0.000270178552124
0.000189952376373
8.80274277403e-05
5.13352196404e-05




classifier 3
acc:
0.863636363636
1.0
1.0
1.0
1.0
1.0
1.0
1.0
1.0
1.0


loss:
0.38254370134
0.0429466150024
0.0206124904481
0.0113551822406
0.00665082414211
0.00382259754803
0.00240612825887
0.00128278768071
0.000768687126269
0.000425997266906


val_acc:
1.0
1.0
1.0
1.0
1.0
1.0
1.0
1.0
1.0
1.0


val_loss:
0.0534056987275
0.0246772737327
0.0132708546113
0.00785410666669
0.00460447726602
0.00281601794995
0.001570596402
0.000915975606238
0.000582258936695
0.000289544071579




classifier 4
acc:
0.960227272727
1.0
1.0
1.0
1.0
1.0
1.0
1.0
1.0
1.0


loss:
0.23051518676
0.0221679794009
0.0108646216633
0.00611756627702
0.00341178047132
0.00193023305937
0.00105754398233
0.00061909396159
0.000345126918877
0.000198732357769


val_acc:
1.0
1.0
1.0
1.0
1.0
1.0
1.0
1.0
1.0
1.0


val_loss:
0.0329594679854
0.0134302607145
0.00713658210059
0.00398168177344
0.0022779953539
0.0013035957765
0.000737642059738
0.000422983607595
0.000233978394218
0.000130920478444




classifier 5
acc:
0.852272727273
1.0
1.0
1.0
1.0
1.0
1.0
1.0
1.0
1.0


loss:
0.501052195037
0.0406851091168
0.0207964974371
0.0115136837333
0.00648925728588
0.00368310936557
0.00209796147167
0.00123060319509
0.000711730004034
0.000421761453088


val_acc:
1.0
1.0
1.0
1.0
1.0
1.0
1.0
1.0
1.0
1.0


val_loss:
0.0570974664932
0.025348377668
0.014548740519
0.00753859477118
0.00433217276904
0.00254380802455
0.0015082266605
0.000876846601552
0.000486608846007
0.000294035533443




classifier 6
acc:
0.863636363636
1.0
1.0
1.0
1.0
1.0
1.0
1.0
1.0
1.0


loss:
0.400050357661
0.0365167715671
0.0177584460682
0.0100502392108
0.00585299222307
0.00343716447242
0.00197287499693
0.00115038915961
0.000650532839989
0.000381162300156


val_acc:
1.0
1.0
1.0
1.0
1.0
1.0
1.0
1.0
1.0
1.0


val_loss:
0.05104659938
0.0215326887979
0.0121697100218
0.006964889609
0.00408594909293
0.00235774816776
0.00141637446359
0.000767651670189
0.000525578877635
0.000251247976187




classifier 7
acc:
0.886363636364
1.0
1.0
1.0
1.0
1.0
1.0
1.0
1.0
1.0


loss:
0.328330765394
0.0161165750839
0.00733202793212
0.00397624541074
0.00224711940708
0.00135341808941
0.000777891876747
0.000438851113854
0.000255023769569
0.000153046783287


val_acc:
1.0
1.0
1.0
1.0
1.0
1.0
1.0
1.0
1.0
1.0


val_loss:
0.0215114343234
0.00961745352569
0.00489645438607
0.00277688877064
0.00159109795508
0.000943273353517
0.000534538245781
0.000311630793889
0.000179381185179
0.000105354449426




classifier 8
acc:
0.875
1.0
1.0
1.0
1.0
1.0
1.0
1.0
1.0
1.0


loss:
0.40282595056
0.039825389331
0.0195006729866
0.0105631271885
0.00617133927616
0.00358774667521
0.00205802953463
0.00127185751494
0.000671809216411
0.000392315546791


val_acc:
1.0
1.0
1.0
1.0
1.0
1.0
1.0
1.0
1.0
1.0


val_loss:
0.0539361834526
0.0239581216804
0.0127667876976
0.00746196080846
0.00426057935692
0.0024745805316
0.00143654805354
0.000849764794111
0.000486948537979
0.000259116923024




classifier 9
acc:
0.90625
1.0
1.0
1.0
1.0
1.0
1.0
1.0
1.0
1.0


loss:
0.318100742318
0.0236350128596
0.0120764175769
0.00735418506983
0.00449481860481
0.00272707761773
0.00166720002678
0.000911154726055
0.000542287069204
0.000305145189155


val_acc:
1.0
1.0
1.0
1.0
1.0
1.0
1.0
1.0
1.0
1.0


val_loss:
0.0289162952792
0.0149997418577
0.00853868404573
0.00572756284171
0.00335918364792
0.00193282807331
0.0011460776335
0.00064561168388
0.000370280581675
0.000231868226282




classifier 10
acc:
0.886363636364
1.0
1.0
1.0
1.0
1.0
1.0
1.0
1.0
1.0


loss:
0.342117994685
0.0281554148956
0.0128125627102
0.00714893131094
0.00417322041044
0.00222940682645
0.00133671823212
0.000758058798965
0.000420352367324
0.000241440956333


val_acc:
1.0
1.0
1.0
1.0
1.0
1.0
1.0
1.0
1.0
1.0


val_loss:
0.0382998866791
0.0164646936411
0.00856472166594
0.00480840092694
0.00269000687298
0.00155249277172
0.000889637470457
0.000531581698769
0.000286773024444
0.000221427524759




classifier 11
acc:
0.880681818182
1.0
1.0
1.0
1.0
1.0
1.0
1.0
1.0
1.0


loss:
0.300067313015
0.0277910733765
0.0139698801901
0.00769069172781
0.00442128272896
0.00268258388281
0.00167299088472
0.000936816938602
0.000515301616608
0.000311225380177


val_acc:
1.0
1.0
1.0
1.0
1.0
1.0
1.0
1.0
1.0
1.0


val_loss:
0.0356546061283
0.0169076464054
0.00913356998089
0.00530455299568
0.00326374909756
0.00192298690407
0.00113436760677
0.000622923845764
0.00035519089645
0.000211620756256




classifier 12
acc:
0.963068181818
1.0
1.0
1.0
1.0
1.0
1.0
1.0
1.0
1.0


loss:
0.170517423783
0.0144081803208
0.00653463974595
0.00370169699785
0.00202157941054
0.00118843394078
0.000652988510079
0.000365122901382
0.000217728437168
0.000125493271546


val_acc:
1.0
1.0
1.0
1.0
1.0
1.0
1.0
1.0
1.0
1.0


val_loss:
0.024031563408
0.00829820123247
0.00435733359138
0.00245612842793
0.00142326799687
0.00082888336196
0.000450120138174
0.000263666469519
0.000152623656587
8.06694092303e-05




classifier 13
acc:
0.886363636364
1.0
1.0
1.0
1.0
1.0
1.0
1.0
1.0
1.0


loss:
0.352198584852
0.0293554922735
0.0165122757581
0.0101959970356
0.00574374507943
0.00344438594766
0.00204988256816
0.00115119746294
0.000662867223251
0.000377650240394


val_acc:
1.0
1.0
1.0
1.0
1.0
1.0
1.0
1.0
1.0
1.0


val_loss:
0.0374719862911
0.0206588423726
0.0126535210928
0.00675662416457
0.00401340331882
0.00240208816037
0.00139394807841
0.000783290930981
0.000489046672804
0.000261115225095




classifier 14
acc:
0.869318181818
1.0
1.0
1.0
1.0
1.0
1.0
1.0
1.0
1.0


loss:
0.33906307681
0.0260236737403
0.0131929806349
0.00732090675526
0.00422733082351
0.00240713454233
0.00146274847529
0.000818533854644
0.000474805298092
0.00027128352138


val_acc:
1.0
1.0
1.0
1.0
1.0
1.0
1.0
1.0
1.0
1.0


val_loss:
0.034837060354
0.0165970671753
0.00864584985274
0.00512403728102
0.00294887230054
0.00177312465596
0.000981108502443
0.000564980892126
0.00035991924762
0.000212236355186




classifier 15
acc:
0.875
1.0
1.0
1.0
1.0
1.0
1.0
1.0
1.0
1.0


loss:
0.399945075539
0.0304837712849
0.0150892152028
0.00887745314024
0.00500851983882
0.00313605669759
0.00176175515464
0.000993907726793
0.000577206651955
0.00033072836496


val_acc:
1.0
1.0
1.0
1.0
1.0
1.0
1.0
1.0
1.0
1.0


val_loss:
0.0418192679909
0.0186959484761
0.0106865918602
0.00612105560404
0.00356786001728
0.00209320044484
0.00122840461237
0.000703582513696
0.000400572134161
0.000220458651628




classifier 16
acc:
0.897727272727
1.0
1.0
1.0
1.0
1.0
1.0
1.0
1.0
1.0


loss:
0.191680782136
0.00808334181255
0.00437187272209
0.00235420247455
0.00131110591941
0.000770349870436
0.000459029628969
0.000254522498422
0.000149247300711
8.89756338438e-05


val_acc:
1.0
1.0
1.0
1.0
1.0
1.0
1.0
1.0
1.0
1.0


val_loss:
0.0109692872925
0.00542610193687
0.00292421022261
0.00170850692402
0.000947855952704
0.000561878571964
0.000322642005895
0.000179825684013
0.000101529002264
5.84406727946e-05




classifier 17
acc:
0.886363636364
1.0
1.0
1.0
1.0
1.0
1.0
1.0
1.0
1.0


loss:
0.225479327068
0.0128198679198
0.00635942114009
0.00357172649819
0.00205357843714
0.00123729153579
0.000753016057636
0.000411588936748
0.000235208719625
0.000134654021663


val_acc:
1.0
1.0
1.0
1.0
1.0
1.0
1.0
1.0
1.0
1.0


val_loss:
0.0177632600746
0.00795995300128
0.00431933444501
0.00257203107784
0.00145055615047
0.00085078709526
0.000501405992757
0.000286664001495
0.000170890804094
9.55975020505e-05




classifier 18
acc:
0.829545454545
1.0
1.0
1.0
1.0
1.0
1.0
1.0
1.0
1.0


loss:
0.462540335276
0.0400082306428
0.0194063685326
0.0113270655274
0.00642439384352
0.00364600953815
0.00234626527791
0.00124616568527
0.000745883211493
0.000424802705476


val_acc:
1.0
1.0
1.0
1.0
1.0
1.0
1.0
1.0
1.0
1.0


val_loss:
0.0560998547484
0.0235463934527
0.0133102539588
0.00827593982897
0.00434618589299
0.00255601092199
0.00155640889319
0.00100548251596
0.000486099772388
0.00027729411456




classifier 19
acc:
0.923295454545
1.0
1.0
1.0
1.0
1.0
1.0
1.0
1.0
1.0


loss:
0.264550600201
0.0299928532067
0.0141430063681
0.00851932942698
0.00461348334581
0.00286510961384
0.00171970403542
0.000866081502119
0.00049497061462
0.000280772092413


val_acc:
1.0
1.0
1.0
1.0
1.0
1.0
1.0
1.0
1.0
1.0


val_loss:
0.0374662080272
0.0172881981866
0.00973517693241
0.00556538546119
0.00323101994582
0.00183924791318
0.00103617567484
0.000664824085437
0.000354308304271
0.000206152933639




classifier 20
acc:
0.872159090909
1.0
1.0
1.0
1.0
1.0
1.0
1.0
1.0
1.0


loss:
0.444904866544
0.0514402440326
0.0254342755811
0.0156253688037
0.00831492181698
0.00476850696247
0.00314832049083
0.00170827100307
0.000887353079055
0.0005391367727


val_acc:
1.0
1.0
1.0
1.0
1.0
1.0
1.0
1.0
1.0
1.0


val_loss:
0.0835928937251
0.0323676450009
0.0172159009698
0.0114548121664
0.00585521694103
0.00352137764408
0.00204886891879
0.00109448549549
0.000753899533513
0.00037892731912




classifier 21
acc:
0.900568181818
1.0
1.0
1.0
1.0
1.0
1.0
1.0
1.0
1.0


loss:
0.177880775945
0.00355045605366
0.00200914093082
0.00118693279166
0.000702943163395
0.000429202600075
0.000248981848761
0.000139788237654
8.04576762179e-05
4.83188058834e-05


val_acc:
1.0
1.0
1.0
1.0
1.0
1.0
1.0
1.0
1.0
1.0


val_loss:
0.00455034693534
0.00250395201147
0.00145762934434
0.000852490531873
0.000508196292106
0.000306629149815
0.000172971980646
9.81192133622e-05
5.77284253351e-05
3.35335330006e-05




classifier 22
acc:
0.883522727273
1.0
1.0
1.0
1.0
1.0
1.0
1.0
1.0
1.0


loss:
0.484171236781
0.0271303994073
0.0130182154138
0.00707865663042
0.00398835345087
0.00233702192252
0.00140587843701
0.000765486154705
0.000442820079942
0.000259874774863


val_acc:
1.0
1.0
1.0
1.0
1.0
1.0
1.0
1.0
1.0
1.0


val_loss:
0.0388965383172
0.0164534084668
0.00845025788823
0.00488348546523
0.00277927246961
0.00172530676619
0.000933391782878
0.000536807907999
0.000329287762394
0.00018453514812




classifier 23
acc:
0.943181818182
1.0
1.0
1.0
1.0
1.0
1.0
1.0
1.0
1.0


loss:
0.233921679721
0.0177094431763
0.00898230262101
0.00519847755574
0.00329161955001
0.00182166801427
0.00104603916407
0.000596682130973
0.000338583476894
0.000189284768897


val_acc:
1.0
1.0
1.0
1.0
1.0
1.0
1.0
1.0
1.0
1.0


val_loss:
0.0244098698551
0.0108364430172
0.00623640100556
0.0036407599268
0.00220866588114
0.00124565516175
0.000761136703659
0.00041446277332
0.000242016635391
0.000130702824787




classifier 24
acc:
0.883522727273
1.0
1.0
1.0
1.0
1.0
1.0
1.0
1.0
1.0


loss:
0.308237513866
0.0205482342704
0.00985767616128
0.0055665328506
0.00316462328192
0.00188265279443
0.00106946954673
0.000632621496069
0.000366589705333
0.000213266073181


val_acc:
1.0
1.0
1.0
1.0
1.0
1.0
1.0
1.0
1.0
1.0


val_loss:
0.0287378706377
0.012216439386
0.00690341097387
0.00388665414754
0.00227242369543
0.00128627193838
0.000757562377575
0.000423044699181
0.000234328082032
0.000135125063852




classifier 25
acc:
0.911931818182
1.0
1.0
1.0
1.0
1.0
1.0
1.0
1.0
1.0


loss:
0.410402784632
0.0338394616477
0.0174296510152
0.00979857866398
0.00623044659468
0.00344043722461
0.00193282346961
0.00111213424878
0.00064329176993
0.000363280372271


val_acc:
1.0
1.0
1.0
1.0
1.0
1.0
1.0
1.0
1.0
1.0


val_loss:
0.0447783927349
0.0212495592846
0.0121045304801
0.00714741118083
0.00419952178543
0.00230997758494
0.00130731281189
0.000793577764522
0.000427452818258
0.000243245774817




classifier 26
acc:
0.960227272727
1.0
1.0
1.0
1.0
1.0
1.0
1.0
1.0
1.0


loss:
0.134631605142
0.00913407069377
0.00510484335775
0.00313898393969
0.00189853364348
0.00111339754552
0.000681567378871
0.000374989023178
0.000204914864629
0.000117925954162


val_acc:
1.0
1.0
1.0
1.0
1.0
1.0
1.0
1.0
1.0
1.0


val_loss:
0.0117187986828
0.00611706488681
0.00369601997293
0.00236292782409
0.00132170659278
0.000823295024351
0.000466605071613
0.000246768288145
0.000139685396624
8.14867175491e-05




classifier 27
acc:
0.857954545455
1.0
1.0
1.0
1.0
1.0
1.0
1.0
1.0
1.0


loss:
0.432490435852
0.0394105684351
0.0189597820863
0.0108536132611
0.00665385978804
0.00360813434236
0.00221486618234
0.0012460371363
0.000726262594319
0.000422756055328


val_acc:
1.0
1.0
1.0
1.0
1.0
1.0
1.0
1.0
1.0
1.0


val_loss:
0.0511578290977
0.024062986909
0.0132817267017
0.0082483054562
0.00439374534075
0.00258982983756
0.00152615424965
0.000876280293927
0.000500756067182
0.000291278974725




classifier 28
acc:
0.909090909091
1.0
1.0
1.0
1.0
1.0
1.0
1.0
1.0
1.0


loss:
0.222124777226
0.0202839423648
0.00894147149202
0.00503241672943
0.00296316211197
0.00176588666033
0.000957725426732
0.000543096380583
0.000320214668384
0.000174916557047


val_acc:
1.0
1.0
1.0
1.0
1.0
1.0
1.0
1.0
1.0
1.0


val_loss:
0.0250736460598
0.011337346228
0.00622813096693
0.003609117184
0.00200305849483
0.00114925814242
0.000655339419609
0.000381520302405
0.000214812869672
0.000124693868036




classifier 29
acc:
0.855113636364
1.0
1.0
1.0
1.0
1.0
1.0
1.0
1.0
1.0


loss:
0.442774237557
0.0432702731341
0.0215269129046
0.0121680277146
0.00761163433675
0.00420146695846
0.00240929545411
0.00140970234166
0.000794980791397
0.000456514934988


val_acc:
1.0
1.0
1.0
1.0
1.0
1.0
1.0
1.0
1.0
1.0


val_loss:
0.0681598084894
0.0263340430842
0.0151031800461
0.00871810757301
0.00488208755004
0.00286487887867
0.00165856251789
0.000979199894408
0.000537371151784
0.0003133889801




classifier 30
acc:
0.872159090909
1.0
1.0
1.0
1.0
1.0
1.0
1.0
1.0
1.0


loss:
0.392042531209
0.028933509507
0.0139215313406
0.00774354720488
0.00445770633153
0.00251831605353
0.00153103488794
0.000881963764021
0.000493274120593
0.000285642128967


val_acc:
1.0
1.0
1.0
1.0
1.0
1.0
1.0
1.0
1.0
1.0


val_loss:
0.0412558185106
0.0183224408803
0.00939383400096
0.00567488393492
0.00303494161926
0.00178861988454
0.00101549947761
0.000592203900768
0.000334636533146
0.000194370411918




classifier 31
acc:
0.883522727273
1.0
1.0
1.0
1.0
1.0
1.0
1.0
1.0
1.0


loss:
0.284329108555
0.025964543054
0.0133779643273
0.00742515739561
0.00410176910968
0.00240104869855
0.00145953042771
0.00083605696934
0.000446952696868
0.000268080709661


val_acc:
1.0
1.0
1.0
1.0
1.0
1.0
1.0
1.0
1.0
1.0


val_loss:
0.0363601205701
0.0163095324216
0.00860765000636
0.00494599075649
0.00289308709431
0.00167449670632
0.000984034686222
0.00062314768597
0.000312763544075
0.000185226440821




classifier 32
acc:
0.869318181818
1.0
1.0
1.0
1.0
1.0
1.0
1.0
1.0
1.0


loss:
0.412448466501
0.0401182506572
0.0210399421101
0.0114534405822
0.0075951744379
0.00387610579756
0.0022424494382
0.00136725274338
0.000828216191043
0.000449267345671


val_acc:
1.0
1.0
1.0
1.0
1.0
1.0
1.0
1.0
1.0
1.0


val_loss:
0.0537877641618
0.0250241639601
0.0143478371372
0.00810295000503
0.00498913363977
0.00266912441955
0.00167396619112
0.00106768512209
0.00062803058377
0.000302057715916




classifier 33
acc:
0.872159090909
1.0
1.0
1.0
1.0
1.0
1.0
1.0
1.0
1.0


loss:
0.323617806489
0.0287226492708
0.015290887857
0.00860153976828
0.00531011400744
0.00315815770194
0.00177157687193
0.0010278252726
0.000642493478319
0.000361002206443


val_acc:
1.0
1.0
1.0
1.0
1.0
1.0
1.0
1.0
1.0
1.0


val_loss:
0.0380288555541
0.0189349212768
0.0103454148736
0.00734076581218
0.00375353980979
0.00219810747711
0.00139495816124
0.000750766231001
0.00048137183661
0.000227213453565




classifier 34
acc:
0.934659090909
1.0
1.0
1.0
1.0
1.0
1.0
1.0
1.0
1.0


loss:
0.193132235415
0.0190607361834
0.00954238045961
0.00557629683648
0.00342114348049
0.00201035488863
0.00108762374889
0.000699107175354
0.000404300504174
0.000203673606103


val_acc:
1.0
1.0
1.0
1.0
1.0
1.0
1.0
1.0
1.0
1.0


val_loss:
0.0244333554398
0.011870871552
0.00677931947972
0.00437694174153
0.00248432385905
0.00139144061938
0.000901302021124
0.000436153524788
0.000253885242273
0.000148967085724




classifier 35
acc:
0.957386363636
1.0
1.0
1.0
1.0
1.0
1.0
1.0
1.0
1.0


loss:
0.151414220221
0.00846699396656
0.00491745082069
0.00273484525017
0.0016798311527
0.00102148447397
0.0005909369978
0.000346638567862
0.00019086438591
0.000109834877631


val_acc:
1.0
1.0
1.0
1.0
1.0
1.0
1.0
1.0
1.0
1.0


val_loss:
0.0112867165696
0.00564434349706
0.00333081687462
0.00199594511651
0.0012743786316
0.000707954798021
0.000402789605273
0.000245414512888
0.00013425934991
7.94249082736e-05




classifier 36
acc:
0.946022727273
1.0
1.0
1.0
1.0
1.0
1.0
1.0
1.0
1.0


loss:
0.242368604988
0.0200169728222
0.00982208905572
0.00601486307146
0.00338284857571
0.00216723041905
0.00114378364841
0.00065586432042
0.000393435660623
0.000224641895991


val_acc:
1.0
1.0
1.0
1.0
1.0
1.0
1.0
1.0
1.0
1.0


val_loss:
0.0330589508468
0.0121138454838
0.00764213667505
0.0041160016236
0.00236183716069
0.0015550940615
0.000843207796358
0.000450242768486
0.00028310232764
0.000138483179564




classifier 37
acc:
0.866477272727
1.0
1.0
1.0
1.0
1.0
1.0
1.0
1.0
1.0


loss:
0.368699741296
0.0224932091819
0.0111143283377
0.00632964277809
0.00347284581089
0.0021137702808
0.00132131521505
0.000740500823171
0.000422769001241
0.000255502626797


val_acc:
1.0
1.0
1.0
1.0
1.0
1.0
1.0
1.0
1.0
1.0


val_loss:
0.0293727293611
0.0171512275596
0.00768716451289
0.00413783969866
0.00250375937586
0.0015189404684
0.000901674147992
0.000510292201811
0.000293086886152
0.000174801828424




classifier 38
acc:
0.880681818182
1.0
1.0
1.0
1.0
1.0
1.0
1.0
1.0
1.0


loss:
0.313288762149
0.0247838060287
0.0122819909911
0.00672658075663
0.00375308428722
0.00218924179419
0.00124994386517
0.000737910320326
0.000429099609557
0.0002430922746


val_acc:
1.0
1.0
1.0
1.0
1.0
1.0
1.0
1.0
1.0
1.0


val_loss:
0.0336210389029
0.0158694324676
0.00815405726263
0.00461528329602
0.00265460353429
0.00149632339493
0.000892873371909
0.000500883142443
0.000276171681683
0.000156821615581




classifier 39
acc:
0.875
1.0
1.0
1.0
1.0
1.0
1.0
1.0
1.0
1.0


loss:
0.388201081617
0.0224300082773
0.0113966684704
0.00598819852299
0.00329453172162
0.00195501311894
0.00117471710969
0.00064520471179
0.000378133053098
0.00021341759103


val_acc:
1.0
1.0
1.0
1.0
1.0
1.0
1.0
1.0
1.0
1.0


val_loss:
0.0310857082632
0.0140825318681
0.00735151412135
0.00404246629808
0.00233944545669
0.00142493827099
0.000797602056991
0.000448068609165
0.000255092192674
0.000144493399685




classifier 40
acc:
0.863636363636
1.0
1.0
1.0
1.0
1.0
1.0
1.0
1.0
1.0


loss:
0.404291847213
0.0485488890924
0.0235130195929
0.0136559283446
0.00752125125886
0.00442499036647
0.00257445152172
0.00166590380567
0.000928109270965
0.000487649257676


val_acc:
1.0
1.0
1.0
1.0
1.0
1.0
1.0
1.0
1.0
1.0


val_loss:
0.0648573958738
0.0293611790985
0.0176031505689
0.00929197389632
0.00551022822037
0.00311318177476
0.00209874040659
0.00185872576284
0.000917199956761
0.000341693153711




classifier 41
acc:
0.948863636364
1.0
1.0
1.0
1.0
1.0
1.0
1.0
1.0
1.0


loss:
0.23902184821
0.0177564239129
0.00831386032091
0.00486211927438
0.00280799687078
0.00160469624891
0.000909284900197
0.000519321477358
0.000286780998894
0.000158268907398


val_acc:
1.0
1.0
1.0
1.0
1.0
1.0
1.0
1.0
1.0
1.0


val_loss:
0.0241502586075
0.0107593635436
0.00590768443759
0.0033540146383
0.00188548368698
0.00108882880622
0.000612558466276
0.000422260959485
0.000205175871749
0.000108817682221




classifier 42
acc:
0.886363636364
1.0
1.0
1.0
1.0
1.0
1.0
1.0
1.0
1.0


loss:
0.273275670849
0.0207804610783
0.00970884806223
0.00511177891696
0.00297021592798
0.00170085017188
0.000975186074026
0.000623490042265
0.000335077940359
0.000188553314894


val_acc:
1.0
1.0
1.0
1.0
1.0
1.0
1.0
1.0
1.0
1.0


val_loss:
0.0284157507122
0.0120315586471
0.00637805969878
0.00358462217264
0.00209609872069
0.00120529037138
0.000842747209721
0.000407186376502
0.000226134102294
0.000129079643309




classifier 43
acc:
0.872159090909
1.0
1.0
1.0
1.0
1.0
1.0
1.0
1.0
1.0


loss:
0.525179273703
0.0324354308911
0.0155627682636
0.00869741286574
0.00501420556314
0.00295377588323
0.00167346589098
0.00098806002643
0.000576770586618
0.000341977740225


val_acc:
1.0
1.0
1.0
1.0
1.0
1.0
1.0
1.0
1.0
1.0


val_loss:
0.0453366840428
0.0192733945494
0.0104594867338
0.00597009232098
0.00349846194414
0.00221121376804
0.00117168113039
0.000703072212425
0.000411762721011
0.000231627863038




classifier 44
acc:
0.963068181818
1.0
1.0
1.0
1.0
1.0
1.0
1.0
1.0
1.0


loss:
0.190547093749
0.0101259720342
0.00562592633915
0.00360266349956
0.00220296933019
0.00136675622145
0.000835700960703
0.000483552300879
0.000288263520236
0.000161216299272


val_acc:
1.0
1.0
1.0
1.0
1.0
1.0
1.0
1.0
1.0
1.0


val_loss:
0.0143546801568
0.00666961687702
0.00421791523695
0.00259225915017
0.00161290627015
0.000990964202422
0.000588838053359
0.000339133474468
0.000197272386603
0.000112059872084




classifier 45
acc:
0.926136363636
1.0
1.0
1.0
1.0
1.0
1.0
1.0
1.0
1.0


loss:
0.251454662024
0.0214909277856
0.0131050808863
0.00784095241265
0.00447082036937
0.00278088249351
0.00158937472257
0.000969266868196
0.000557013588894
0.000290949125139


val_acc:
1.0
1.0
1.0
1.0
1.0
1.0
1.0
1.0
1.0
1.0


val_loss:
0.0320500822907
0.0153011315587
0.00906499737704
0.00583939173852
0.00344704658809
0.0019393754615
0.00113326238087
0.000663212474055
0.000406687060604
0.000202098533257




classifier 46
acc:
0.869318181818
1.0
1.0
1.0
1.0
1.0
1.0
1.0
1.0
1.0


loss:
0.393017679114
0.0334230941636
0.0175993984396
0.00975861349566
0.00565744555471
0.00336653099988
0.0018798716959
0.0011087082464
0.00070701473636
0.000365967184983


val_acc:
1.0
1.0
1.0
1.0
1.0
1.0
1.0
1.0
1.0
1.0


val_loss:
0.0475522493097
0.0241519864649
0.0115546241233
0.0069003677927
0.00401707505807
0.00242107342505
0.00139140879566
0.000801683064889
0.00043866221412
0.00024353255867




classifier 47
acc:
0.920454545455
1.0
1.0
1.0
1.0
1.0
1.0
1.0
1.0
1.0


loss:
0.218875258992
0.0167735276574
0.00971255569973
0.0062374509871
0.00361927359534
0.00218405527994
0.00127265884393
0.000844760242299
0.000446897383716
0.000234080818535


val_acc:
1.0
1.0
1.0
1.0
1.0
1.0
1.0
1.0
1.0
1.0


val_loss:
0.0215006414801
0.0115806039592
0.00699784670194
0.00428696118549
0.00254425610712
0.00150828686839
0.000885620374571
0.000504599357638
0.00028172026346
0.000162926528984




classifier 48
acc:
0.889204545455
1.0
1.0
1.0
1.0
1.0
1.0
1.0
1.0
1.0


loss:
0.356240281666
0.0170351299034
0.00757376269691
0.00401065697555
0.00230595064138
0.00126869908788
0.00076264707869
0.000442584862784
0.000245773498054
0.000140733143119


val_acc:
1.0
1.0
1.0
1.0
1.0
1.0
1.0
1.0
1.0
1.0


val_loss:
0.0243377780372
0.00966717362065
0.00493854965845
0.00274244789034
0.00154259529981
0.000932749546006
0.000532170350198
0.000305614217227
0.000176054953375
9.97020020308e-05




classifier 49
acc:
0.886363636364
1.0
1.0
1.0
1.0
1.0
1.0
1.0
1.0
1.0


loss:
0.41641628031
0.0183171044019
0.00861377023499
0.00474034690044
0.00283630821981
0.00156328101664
0.000890894888223
0.000524205917662
0.00030290075599
0.000171185305093


val_acc:
1.0
1.0
1.0
1.0
1.0
1.0
1.0
1.0
1.0
1.0


val_loss:
0.0263979428194
0.0111453019252
0.00588924746791
0.00321864360012
0.00189223195511
0.00108376204629
0.00061536246953
0.000357602275802
0.000219913188961
0.000132708127653




classifier 50
acc:
0.897727272727
1.0
1.0
1.0
1.0
1.0
1.0
1.0
1.0
1.0


loss:
0.341840995984
0.0355177889155
0.0205122726038
0.0114457429471
0.00686330509118
0.00445587010208
0.002362213796
0.00130864474076
0.000764111512002
0.000440618893745


val_acc:
1.0
1.0
1.0
1.0
1.0
1.0
1.0
1.0
1.0
1.0


val_loss:
0.0457245040346
0.0242457952858
0.0133728047156
0.00802271791988
0.00509980124083
0.00270276484926
0.00177606746597
0.000872350393117
0.000523365084188
0.000319363526862




classifier 51
acc:
0.894886363636
1.0
1.0
1.0
1.0
1.0
1.0
1.0
1.0
1.0


loss:
0.270493636416
0.0251739496704
0.0130544569005
0.0071470066905
0.00380906900814
0.00242187149442
0.0012669329722
0.000764181784523
0.000413988984126
0.000239890414047


val_acc:
1.0
1.0
1.0
1.0
1.0
1.0
1.0
1.0
1.0
1.0


val_loss:
0.0349564623426
0.0156272214583
0.00887419317256
0.00483087818562
0.00303663129241
0.00154969283507
0.000944273154759
0.000520550958093
0.000292127608025
0.000157027695836




classifier 52
acc:
0.900568181818
1.0
1.0
1.0
1.0
1.0
1.0
1.0
1.0
1.0


loss:
0.43690851788
0.0141913061962
0.00639469841156
0.00326435276392
0.00187364045996
0.00104434576563
0.000584238391391
0.000341132340096
0.00021318437013
0.000112979801171


val_acc:
1.0
1.0
1.0
1.0
1.0
1.0
1.0
1.0
1.0
1.0


val_loss:
0.020752359351
0.00809058115225
0.00403802007945
0.00228310901333
0.00137634394394
0.000707764326679
0.000413648448144
0.000248784204649
0.000137165497025
8.03576291549e-05




classifier 53
acc:
0.917613636364
1.0
1.0
1.0
1.0
1.0
1.0
1.0
1.0
1.0


loss:
0.268478320742
0.0234176121991
0.0112072498622
0.00598820912736
0.0035293394996
0.00210174141367
0.00126218979924
0.000678051096408
0.000365869729483
0.000225856258608


val_acc:
1.0
1.0
1.0
1.0
1.0
1.0
1.0
1.0
1.0
1.0


val_loss:
0.0317334122956
0.0146873735569
0.00741140231151
0.00425797912546
0.00253930848769
0.00143219763413
0.000840136395048
0.000460805165031
0.000377199916825
0.000144622469882




classifier 54
acc:
0.982954545455
1.0
1.0
1.0
1.0
1.0
1.0
1.0
1.0
1.0


loss:
0.080754380689
0.00494994963943
0.0024535148722
0.00146088115236
0.00075789751612
0.000424698914602
0.000277455196324
0.000144779270406
8.42863036351e-05
4.76597732896e-05


val_acc:
1.0
1.0
1.0
1.0
1.0
1.0
1.0
1.0
1.0
1.0


val_loss:
0.00715547804297
0.00299877944318
0.00171315523965
0.000932074088434
0.000520800481106
0.000330432724943
0.000177780409021
0.00010049038015
6.10933916918e-05
3.84005171244e-05




classifier 55
acc:
0.875
1.0
1.0
1.0
1.0
1.0
1.0
1.0
1.0
1.0


loss:
0.363600198518
0.0311451851475
0.0158110163598
0.00759168003093
0.00456421295266
0.00254827515561
0.00153252020986
0.000888567703607
0.000550151448062
0.00029856153494


val_acc:
1.0
1.0
1.0
1.0
1.0
1.0
1.0
1.0
1.0
1.0


val_loss:
0.0416924455626
0.0187066161836
0.00936292459003
0.00555805442855
0.00308696288531
0.00187994445547
0.00111043484966
0.000729113124015
0.000360802038234
0.00020435312366




classifier 56
acc:
0.869318181818
1.0
1.0
1.0
1.0
1.0
1.0
1.0
1.0
1.0


loss:
0.318842491304
0.0207589617507
0.0115083171563
0.00671737531031
0.00391453083351
0.00232038645878
0.00150570854418
0.000826026556421
0.000495651641607
0.000271344091743


val_acc:
1.0
1.0
1.0
1.0
1.0
1.0
1.0
1.0
1.0
1.0


val_loss:
0.0271804219281
0.0138841255314
0.00795628430999
0.00468970445747
0.0028716000432
0.00166840499944
0.000992620956491
0.000568709838924
0.000330102288651
0.000203467947854




classifier 57
acc:
0.889204545455
1.0
1.0
1.0
1.0
1.0
1.0
1.0
1.0
1.0


loss:
0.324590397152
0.0309760030359
0.0147270648317
0.00842485809699
0.00475537633015
0.00257422172845
0.00149411233989
0.000883980426641
0.000490889273351
0.000286696655993


val_acc:
1.0
1.0
1.0
1.0
1.0
1.0
1.0
1.0
1.0
1.0


val_loss:
0.0421145991846
0.0185825453902
0.0103397869759
0.00567994660444
0.00307675084861
0.00180623059119
0.0010489032244
0.000594130976507
0.000342501136898
0.000191230385099




classifier 58
acc:
0.957386363636
1.0
1.0
1.0
1.0
1.0
1.0
1.0
1.0
1.0


loss:
0.208115294576
0.014501452446
0.00754093692045
0.00401869141073
0.00234073616395
0.00139408306198
0.000875347971239
0.000446573749121
0.00024164133356
0.000137315850721


val_acc:
1.0
1.0
1.0
1.0
1.0
1.0
1.0
1.0
1.0
1.0


val_loss:
0.0195267735557
0.0102663826705
0.00488447533412
0.00286715420556
0.00168335598639
0.00101595389953
0.000574034718077
0.000294393838637
0.000168108260947
9.09812171647e-05




classifier 59
acc:
0.903409090909
1.0
1.0
1.0
1.0
1.0
1.0
1.0
1.0
1.0


loss:
0.225814869289
0.016528100368
0.00831640706482
0.00460278873586
0.00270117963241
0.00148263179951
0.000838048311628
0.000526109154717
0.000292463093171
0.000162572667415


val_acc:
1.0
1.0
1.0
1.0
1.0
1.0
1.0
1.0
1.0
1.0


val_loss:
0.0238993129778
0.0101110850969
0.00557343657552
0.00326374298046
0.00178691038904
0.00100921920437
0.000599023169012
0.000362254045533
0.000190425317586
0.000111748157492




classifier 60
acc:
0.957386363636
1.0
1.0
1.0
1.0
1.0
1.0
1.0
1.0
1.0


loss:
0.21910116449
0.0152759848332
0.00768277248029
0.00425896325826
0.00241281449879
0.00137915785043
0.000773938774893
0.00044490378985
0.000283603109314
0.000132246476741


val_acc:
1.0
1.0
1.0
1.0
1.0
1.0
1.0
1.0
1.0
1.0


val_loss:
0.0209699952128
0.00973013746129
0.00512541309846
0.00296040198935
0.00166053617034
0.000958377347243
0.000560866885776
0.000298139627293
0.000161046985092
9.81524274473e-05




classifier 61
acc:
0.96875
1.0
1.0
1.0
1.0
1.0
1.0
1.0
1.0
1.0


loss:
0.13546792985
0.00840143338692
0.00418242168697
0.00254325183447
0.00141901644582
0.000815480333668
0.000479440517004
0.000285376949416
0.000170441589779
9.09827034444e-05


val_acc:
1.0
1.0
1.0
1.0
1.0
1.0
1.0
1.0
1.0
1.0


val_loss:
0.0105764263056
0.00508230818774
0.00295663108541
0.00171274082227
0.000983836870133
0.000607768883294
0.000341480195692
0.000206124537561
0.000129239350578
6.52611548007e-05




classifier 62
acc:
0.860795454545
1.0
1.0
1.0
1.0
1.0
1.0
1.0
1.0
1.0


loss:
0.404626833783
0.0303648969328
0.0146081481468
0.00823675985025
0.00448142646135
0.00276997444135
0.00156014593614
0.000895526572342
0.000506466349841
0.000303047658897


val_acc:
1.0
1.0
1.0
1.0
1.0
1.0
1.0
1.0
1.0
1.0


val_loss:
0.0400912714275
0.0182121359659
0.00980068400333
0.0054570378905
0.0035033042077
0.00187326670328
0.00107128008015
0.000613541720668
0.000369280067389
0.000212691084016




classifier 63
acc:
0.886363636364
1.0
1.0
1.0
1.0
1.0
1.0
1.0
1.0
1.0


loss:
0.267902878198
0.0203548727388
0.0106655587019
0.0060290213759
0.00346353927373
0.00223386011467
0.0012422777416
0.000764819002308
0.000422397437929
0.0002558504308


val_acc:
1.0
1.0
1.0
1.0
1.0
1.0
1.0
1.0
1.0
1.0


val_loss:
0.0274279249663
0.0128965384581
0.00745781130073
0.00427581899037
0.00275759741833
0.00151830081913
0.000957460354336
0.000515434663446
0.000303207015598
0.000172406305368




classifier 64
acc:
0.872159090909
1.0
1.0
1.0
1.0
1.0
1.0
1.0
1.0
1.0


loss:
0.41978313994
0.0283235770396
0.0140398713675
0.00776897984642
0.00459967219186
0.00280087432739
0.00156808777882
0.000963795763462
0.000609231123235
0.000287847725717


val_acc:
1.0
1.0
1.0
1.0
1.0
1.0
1.0
1.0
1.0
1.0


val_loss:
0.0400557943027
0.0193849441341
0.00951443646442
0.00539946996353
0.00333757992749
0.00187614876565
0.00112092643659
0.000952860589181
0.000350607786624
0.000207256318059




classifier 65
acc:
0.883522727273
1.0
1.0
1.0
1.0
1.0
1.0
1.0
1.0
1.0


loss:
0.24268979685
0.0112072306008
0.0055662418123
0.00306019381705
0.00181913128207
0.00109346934319
0.00062735671368
0.000375472908755
0.000216924005971
0.000127593878874


val_acc:
1.0
1.0
1.0
1.0
1.0
1.0
1.0
1.0
1.0
1.0


val_loss:
0.0150455431166
0.00688122136688
0.00375428224321
0.00219044929624
0.00139079508583
0.000795303457628
0.000453616280786
0.000263231219089
0.000153483632444
8.88629246302e-05




classifier 66
acc:
0.875
1.0
1.0
1.0
1.0
1.0
1.0
1.0
1.0
1.0


loss:
0.294430059465
0.0270244233649
0.0136398581619
0.00741638404063
0.00442581225864
0.0025315274675
0.00140491426414
0.000787460734666
0.000471608014777
0.00026769379937


val_acc:
1.0
1.0
1.0
1.0
1.0
1.0
1.0
1.0
1.0
1.0


val_loss:
0.0370980640027
0.0171662012792
0.00923505721783
0.00551535371183
0.00314618954012
0.00174113882663
0.000996892112942
0.000579713552725
0.000331501873337
0.000207897734733




classifier 67
acc:
0.869318181818
1.0
1.0
1.0
1.0
1.0
1.0
1.0
1.0
1.0


loss:
0.395491282371
0.0316628668119
0.0154043831439
0.00881358773702
0.00503236453303
0.0029119213154
0.00167608704545
0.000980967438822
0.000557361826809
0.000347150567739


val_acc:
1.0
1.0
1.0
1.0
1.0
1.0
1.0
1.0
1.0
1.0


val_loss:
0.0432320751927
0.0190039122985
0.010490195995
0.00598329559646
0.00361323549243
0.00204450759867
0.0012079150924
0.000684057410002
0.000397072255675
0.000226909856958




classifier 68
acc:
0.815340909091
1.0
1.0
1.0
1.0
1.0
1.0
1.0
1.0
1.0


loss:
0.481211404231
0.0416746596721
0.0222116476772
0.0135743982074
0.0079788599502
0.0052551609591
0.0027864612639
0.0018434694185
0.000967900824352
0.000588695320237


val_acc:
1.0
1.0
1.0
1.0
1.0
1.0
1.0
1.0
1.0
1.0


val_loss:
0.052916214886
0.0268054866994
0.0157088292763
0.00958128239621
0.00616385042667
0.00336578608999
0.0020063693995
0.00119213239205
0.000835344846233
0.000407940636664




classifier 69
acc:
0.894886363636
1.0
1.0
1.0
1.0
1.0
1.0
1.0
1.0
1.0


loss:
0.227605325085
0.0175033175302
0.00898480432277
0.0044708030764
0.00249784291637
0.00145263169807
0.000881565607746
0.000543493544683
0.000293163685869
0.000172286256037


val_acc:
1.0
1.0
1.0
1.0
1.0
1.0
1.0
1.0
1.0
1.0


val_loss:
0.0276855397969
0.0114551568404
0.00547689974139
0.00304502451962
0.0017834179188
0.00106679533862
0.000659246791408
0.000358655196826
0.000210651912229
0.000119612377603




classifier 70
acc:
0.903409090909
1.0
1.0
1.0
1.0
1.0
1.0
1.0
1.0
1.0


loss:
0.2120870566
0.0107344191267
0.00484518842264
0.00264309617606
0.00146370254118
0.000851325711913
0.000477104455719
0.00027822547153
0.000161509345741
9.42887649713e-05


val_acc:
1.0
1.0
1.0
1.0
1.0
1.0
1.0
1.0
1.0
1.0


val_loss:
0.0154636498879
0.00608529730446
0.00326128437353
0.00186677006158
0.00101894828152
0.000585337928814
0.000338218058459
0.000194535834122
0.000115439172739
6.90337788414e-05




classifier 71
acc:
0.928977272727
1.0
1.0
1.0
1.0
1.0
1.0
1.0
1.0
1.0


loss:
0.33286055279
0.0269498696381
0.0149322810837
0.00804450739683
0.00467139785178
0.00277463243004
0.00159999551463
0.00097131551328
0.000545802028765
0.000333333746477


val_acc:
1.0
1.0
1.0
1.0
1.0
1.0
1.0
1.0
1.0
1.0


val_loss:
0.0360210371966
0.0181635012004
0.00953844121911
0.0057249948467
0.00327937065793
0.00193378105971
0.00133735156322
0.000768615271557
0.000400228669274
0.000203815833877




classifier 72
acc:
0.909090909091
1.0
1.0
1.0
1.0
1.0
1.0
1.0
1.0
1.0


loss:
0.231606515463
0.0130929594267
0.00740273783661
0.00443114160391
0.00270166147543
0.00167655832113
0.000963982268745
0.00056397310056
0.000338536938547
0.000194826050905


val_acc:
1.0
1.0
1.0
1.0
1.0
1.0
1.0
1.0
1.0
1.0


val_loss:
0.0165737046945
0.00889341359619
0.0055604912764
0.0032951625445
0.00198473926337
0.00117735142968
0.000808941094543
0.000407099549193
0.00022137305694
0.000129016376212




classifier 73
acc:
0.963068181818
1.0
1.0
1.0
1.0
1.0
1.0
1.0
1.0
1.0


loss:
0.231291361492
0.012394498187
0.00633532130583
0.0037489134014
0.0021708176937
0.00128971163543
0.000710897613317
0.000432957572312
0.000237211328402
0.000134588460655


val_acc:
1.0
1.0
1.0
1.0
1.0
1.0
1.0
1.0
1.0
1.0


val_loss:
0.0160969416188
0.00809379468079
0.00488108722493
0.00264508596791
0.00156638513065
0.000883129737552
0.00050107157387
0.000286322084404
0.000167122538022
9.43153896845e-05




classifier 74
acc:
0.883522727273
1.0
1.0
1.0
1.0
1.0
1.0
1.0
1.0
1.0


loss:
0.366889703342
0.0191272824833
0.0091470209035
0.00526432231577
0.00308606138622
0.00172327914995
0.00100461465561
0.000619641769762
0.000341294242059
0.000206732041658


val_acc:
1.0
1.0
1.0
1.0
1.0
1.0
1.0
1.0
1.0
1.0


val_loss:
0.0262791487304
0.0115164705467
0.00634255835956
0.00375705481168
0.00206870458681
0.00122048426419
0.000725174211601
0.000408348190831
0.00024382216295
0.000137930356273




classifier 75
acc:
0.875
1.0
1.0
1.0
1.0
1.0
1.0
1.0
1.0
1.0


loss:
0.373755969784
0.0404682186517
0.0190518948842
0.0106479767287
0.00597349105572
0.00350709064779
0.00193105892024
0.0011705112834
0.000612803229491
0.000354198947951


val_acc:
1.0
1.0
1.0
1.0
1.0
1.0
1.0
1.0
1.0
1.0


val_loss:
0.0550749315457
0.0269627063112
0.0131598948078
0.00719174916263
0.00408309410242
0.00231638248079
0.00134322254665
0.000741638222032
0.000422462196597
0.000238825926896




classifier 76
acc:
0.934659090909
1.0
1.0
1.0
1.0
1.0
1.0
1.0
1.0
1.0


loss:
0.212482270869
0.0155557245863
0.00756501148201
0.00427775446918
0.00245386899703
0.00142124786296
0.000848456444642
0.000466119646179
0.000274927856729
0.000160273685734


val_acc:
1.0
1.0
1.0
1.0
1.0
1.0
1.0
1.0
1.0
1.0


val_loss:
0.0241815034639
0.00984424183314
0.00522852354598
0.00367645597593
0.0017007928638
0.000982913056346
0.000566034429622
0.000323689557263
0.000188290179887
0.000101910714214




classifier 77
acc:
0.965909090909
1.0
1.0
1.0
1.0
1.0
1.0
1.0
1.0
1.0


loss:
0.24674228528
0.0170102478428
0.00752539907328
0.00423008885065
0.00236615698404
0.00141886246539
0.000793572909474
0.00043452816846
0.000259793024849
0.00014022754873


val_acc:
1.0
1.0
1.0
1.0
1.0
1.0
1.0
1.0
1.0
1.0


val_loss:
0.0223203966902
0.00925523923202
0.00500871423124
0.00283473571339
0.00163236324972
0.00104917027056
0.000562375681263
0.000312441184757
0.000173958792319
9.36483272447e-05




classifier 78
acc:
0.883522727273
1.0
1.0
1.0
1.0
1.0
1.0
1.0
1.0
1.0


loss:
0.30460255356
0.0292693989521
0.0148667689751
0.0090676243417
0.00579525720836
0.00320302508771
0.001920678039
0.00122601815648
0.000642227419038
0.000388248979685


val_acc:
1.0
1.0
1.0
1.0
1.0
1.0
1.0
1.0
1.0
1.0


val_loss:
0.038513915444
0.0176089942794
0.0112980522046
0.00744076107036
0.00452286081219
0.00223452447575
0.0013686261161
0.000760017518504
0.000485480344981
0.00024614585246




classifier 79
acc:
0.872159090909
1.0
1.0
1.0
1.0
1.0
1.0
1.0
1.0
1.0


loss:
0.355971499939
0.0268305413086
0.0115885917859
0.00640986330638
0.003777196398
0.00206535664091
0.0011908551096
0.000669276304755
0.000374394711054
0.000227439335008


val_acc:
1.0
1.0
1.0
1.0
1.0
1.0
1.0
1.0
1.0
1.0


val_loss:
0.0372673623602
0.0150282805447
0.00792944092642
0.00439010710794
0.00251438070766
0.00140671131455
0.000839320598805
0.000463680996538
0.000265389776111
0.000146292958975




classifier 80
acc:
0.869318181818
1.0
1.0
1.0
1.0
1.0
1.0
1.0
1.0
1.0


loss:
0.400038584389
0.0298123158176
0.0147784117779
0.00874944031239
0.00475994939916
0.00281944879415
0.00160843582655
0.000915209958541
0.000535196688196
0.000318847494782


val_acc:
1.0
1.0
1.0
1.0
1.0
1.0
1.0
1.0
1.0
1.0


val_loss:
0.0438161394136
0.018652848476
0.0100401087071
0.00563323908401
0.00328098963523
0.00196267037906
0.00112509154397
0.000678807893895
0.000394519098336
0.000207347275467




classifier 81
acc:
0.860795454545
1.0
1.0
1.0
1.0
1.0
1.0
1.0
1.0
1.0


loss:
0.490802650425
0.0481735413725
0.0246384402906
0.0135394206948
0.00786988140846
0.00455512512814
0.00282406008972
0.00154733677945
0.000889384187758
0.000472503150707


val_acc:
1.0
1.0
1.0
1.0
1.0
1.0
1.0
1.0
1.0
1.0


val_loss:
0.067221021449
0.0311995279044
0.0161196869713
0.00953302744099
0.00576600453562
0.00325358997692
0.00180851130492
0.00121129961388
0.000571757033785
0.000333635811165




classifier 82
acc:
0.897727272727
1.0
1.0
1.0
1.0
1.0
1.0
1.0
1.0
1.0


loss:
0.36882607334
0.0286662968892
0.0136193164032
0.00714028275318
0.00401404938153
0.00232785488267
0.00136970669899
0.000784431578888
0.000431237684097
0.000256572192567


val_acc:
1.0
1.0
1.0
1.0
1.0
1.0
1.0
1.0
1.0
1.0


val_loss:
0.0398376363922
0.0191482073543
0.00859160137109
0.00506249032068
0.00282644736581
0.00167334401472
0.00104764141989
0.000542916780846
0.000316554000495
0.000168323502294




classifier 83
acc:
0.852272727273
1.0
1.0
1.0
1.0
1.0
1.0
1.0
1.0
1.0


loss:
0.455825221809
0.0462358573621
0.0238310616802
0.0129096480933
0.00821361318231
0.00435225075026
0.00254917896183
0.00157527948349
0.00087292714108
0.000494766760808


val_acc:
1.0
1.0
1.0
1.0
1.0
1.0
1.0
1.0
1.0
1.0


val_loss:
0.0599791986698
0.027879904109
0.0156937448139
0.00879956620999
0.0052897893739
0.00304098624143
0.00186420484996
0.0010638698745
0.00059629692061
0.000324704120761




classifier 84
acc:
0.985795454545
1.0
1.0
1.0
1.0
1.0
1.0
1.0
1.0
1.0


loss:
0.0874579732137
0.00270180154422
0.0013954610331
0.000821239100663
0.000447743740303
0.000274357483828
0.000161378649037
9.25365252029e-05
5.28286033262e-05
3.06805443622e-05


val_acc:
1.0
1.0
1.0
1.0
1.0
1.0
1.0
1.0
1.0
1.0


val_loss:
0.00367266962051
0.00179623893928
0.00102301829346
0.000565109247956
0.000329854398098
0.000194392077074
0.00011556415054
6.46286759795e-05
3.6735017354e-05
2.16140894984e-05




classifier 85
acc:
0.971590909091
1.0
1.0
1.0
1.0
1.0
1.0
1.0
1.0
1.0


loss:
0.190871049396
0.00898228039626
0.00493777960285
0.00275581287728
0.00172447967766
0.000972325109284
0.000576534004226
0.000323285515399
0.000187900738886
0.00010116144602


val_acc:
1.0
1.0
1.0
1.0
1.0
1.0
1.0
1.0
1.0
1.0


val_loss:
0.0127457160164
0.00627665145492
0.00341541718014
0.00197112340141
0.00115515578496
0.000673198442779
0.000377849212699
0.000277071455705
0.000122215925578
7.26117002407e-05




classifier 86
acc:
0.90625
1.0
1.0
1.0
1.0
1.0
1.0
1.0
1.0
1.0


loss:
0.157395618629
0.00665538664907
0.00345806464214
0.00192837273194
0.00107048753522
0.000614838886329
0.000362279502125
0.000211942114137
0.000122730528925
7.05157422503e-05


val_acc:
1.0
1.0
1.0
1.0
1.0
1.0
1.0
1.0
1.0
1.0


val_loss:
0.00874606947499
0.00433514269323
0.00230875557331
0.00130246947414
0.000754523823906
0.000437416392908
0.00025448900785
0.000148401108824
8.6445976525e-05
5.08633011949e-05




classifier 87
acc:
0.877840909091
1.0
1.0
1.0
1.0
1.0
1.0
1.0
1.0
1.0


loss:
0.618882546371
0.0454702343453
0.0214074541053
0.012316567146
0.006549409379
0.0039010732223
0.00215554886117
0.0012758877975
0.000720111335712
0.000420289587716


val_acc:
1.0
1.0
1.0
1.0
1.0
1.0
1.0
1.0
1.0
1.0


val_loss:
0.0600297318941
0.0267117536542
0.0143341744657
0.00814814806323
0.00489347948777
0.00258200039918
0.00150828986344
0.000913748983294
0.000479657083898
0.000287240849998




classifier 88
acc:
0.894886363636
1.0
1.0
1.0
1.0
1.0
1.0
1.0
1.0
1.0


loss:
0.220201432028
0.0139102722433
0.00808616253463
0.00491670955142
0.00309962026817
0.00190218380885
0.00107608693229
0.000616019991205
0.000370857495
0.000209621870784


val_acc:
1.0
1.0
1.0
1.0
1.0
1.0
1.0
1.0
1.0
1.0


val_loss:
0.0172115557573
0.00949858797883
0.00578437186778
0.003535638775
0.00214691944844
0.00128793534399
0.000747947821351
0.000432073429693
0.000254731950752
0.000147589245568




classifier 89
acc:
0.849431818182
1.0
1.0
1.0
1.0
1.0
1.0
1.0
1.0
1.0


loss:
0.412305800075
0.0431628901173
0.0227186322551
0.0125304343687
0.0071935757402
0.00424935234795
0.00245019765994
0.00144113864834
0.000792182336392
0.00045886699015


val_acc:
1.0
1.0
1.0
1.0
1.0
1.0
1.0
1.0
1.0
1.0


val_loss:
0.0590524642982
0.0278652897951
0.0149926581335
0.00875503201546
0.00508114460602
0.002925431123
0.00166944506451
0.00113043746255
0.000537731174104
0.000332763963591




classifier 90
acc:
0.960227272727
1.0
1.0
1.0
1.0
1.0
1.0
1.0
1.0
1.0


loss:
0.197193955325
0.0148903684352
0.0070537939583
0.00396799518388
0.002397005859
0.00138162003449
0.000805252726423
0.000532248619658
0.000244338106396
0.000158708354072


val_acc:
1.0
1.0
1.0
1.0
1.0
1.0
1.0
1.0
1.0
1.0


val_loss:
0.020890109241
0.00835026004775
0.00488780650564
0.0028212682598
0.00174905204172
0.000977744464763
0.000597648269666
0.00029864384851
0.000178971493204
0.000111039576454




classifier 91
acc:
0.90625
1.0
1.0
1.0
1.0
1.0
1.0
1.0
1.0
1.0


loss:
0.236224479465
0.0121624633162
0.00565165852789
0.00302664935589
0.00169499043841
0.00101086431162
0.000589416640155
0.000328692689602
0.000187582245086
0.000108243102494


val_acc:
1.0
1.0
1.0
1.0
1.0
1.0
1.0
1.0
1.0
1.0


val_loss:
0.0168597970835
0.00722698035481
0.0037748999682
0.00213098079919
0.00120021838335
0.000696740047054
0.000390793743215
0.000228966073668
0.000133542518928
7.59150291494e-05




classifier 92
acc:
0.855113636364
1.0
1.0
1.0
1.0
1.0
1.0
1.0
1.0
1.0


loss:
0.396279637786
0.0253681145947
0.0148941424083
0.00918567802926
0.0055566182868
0.00348151083612
0.00213509099558
0.00128842925187
0.000738925199998
0.000411290900295


val_acc:
1.0
1.0
1.0
1.0
1.0
1.0
1.0
1.0
1.0
1.0


val_loss:
0.0319769534875
0.0190273489464
0.010943129828
0.00662536398423
0.00409938263792
0.00252763192508
0.00146872914312
0.000882083491888
0.00048485880887
0.000305175942644




classifier 93
acc:
0.880681818182
1.0
1.0
1.0
1.0
1.0
1.0
1.0
1.0
1.0


loss:
0.276875991205
0.0118276635608
0.00644047926603
0.00382151601794
0.00227313488722
0.00135315291118
0.000821559369797
0.000496861800043
0.000278214065474
0.000166808098253


val_acc:
1.0
1.0
1.0
1.0
1.0
1.0
1.0
1.0
1.0
1.0


val_loss:
0.0153587189588
0.00797668040137
0.00470580571246
0.00282846315002
0.0016307470558
0.00101002742833
0.000629350537731
0.000337426749122
0.000214083822687
0.000117202138592




classifier 94
acc:
0.889204545455
1.0
1.0
1.0
1.0
1.0
1.0
1.0
1.0
1.0


loss:
0.220609065992
0.0132933876223
0.00647243984382
0.00362973575565
0.00211582376241
0.00125150063964
0.000686647259334
0.000404670476035
0.000236274793596
0.00013976372363


val_acc:
1.0
1.0
1.0
1.0
1.0
1.0
1.0
1.0
1.0
1.0


val_loss:
0.0179115356031
0.00833089327948
0.00435159016739
0.00252632032657
0.00153078989718
0.000841253505893
0.000519051793328
0.000290522947167
0.000167015077419
9.23042567923e-05




classifier 95
acc:
0.920454545455
1.0
1.0
1.0
1.0
1.0
1.0
1.0
1.0
1.0


loss:
0.196673300795
0.0138868504966
0.00756218250502
0.00480805604126
0.00274962334978
0.00168087043461
0.00099483882712
0.00061122682316
0.000338343638842
0.000198264304676


val_acc:
1.0
1.0
1.0
1.0
1.0
1.0
1.0
1.0
1.0
1.0


val_loss:
0.0188117824834
0.00922189839184
0.00547309020873
0.00342399320057
0.0019932477735
0.00121390625877
0.000755877144084
0.000438693834109
0.000243304973331
0.000133895721361




classifier 96
acc:
0.863636363636
1.0
1.0
1.0
1.0
1.0
1.0
1.0
1.0
1.0


loss:
0.41234825924
0.0328903709623
0.0171648169106
0.00980151808736
0.00592285830697
0.00352250098843
0.00203441856006
0.0012107269722
0.000676894750954
0.00038352387227


val_acc:
1.0
1.0
1.0
1.0
1.0
1.0
1.0
1.0
1.0
1.0


val_loss:
0.0458801385354
0.0208351075311
0.0118968373334
0.00720477887345
0.00420829408209
0.00244058397683
0.00142373666379
0.00084839358566
0.00048998231862
0.000266050008411




classifier 97
acc:
0.869318181818
1.0
1.0
1.0
1.0
1.0
1.0
1.0
1.0
1.0


loss:
0.457993028516
0.0460910116407
0.0215196689083
0.0115370967171
0.00679147628729
0.00415155583654
0.00256790737198
0.00142314888283
0.000838931729297
0.000455000242007


val_acc:
1.0
1.0
1.0
1.0
1.0
1.0
1.0
1.0
1.0
1.0


val_loss:
0.0597523234107
0.0262243922123
0.0142110033299
0.00820554720915
0.00509441851384
0.00312541431578
0.00174297684465
0.000960646620528
0.000561955654782
0.000323888319227




classifier 98
acc:
0.886363636364
1.0
1.0
1.0
1.0
1.0
1.0
1.0
1.0
1.0


loss:
0.307099126957
0.0204401698641
0.00998377122662
0.00523368806832
0.00312344567977
0.00177366496593
0.00101627453378
0.000565092645543
0.000323727894945
0.000194147714038


val_acc:
1.0
1.0
1.0
1.0
1.0
1.0
1.0
1.0
1.0
1.0


val_loss:
0.0303756972267
0.0129614927044
0.00630433150482
0.00359575617635
0.00211270583201
0.00126411985945
0.000682131900579
0.000410616146506
0.000236695877075
0.000149357825814




classifier 99
acc:
0.857954545455
1.0
1.0
1.0
1.0
1.0
1.0
1.0
1.0
1.0


loss:
0.423008956015
0.0338735016571
0.0156130753458
0.00874479851601
0.0053276122463
0.00299796244045
0.00176237210822
0.00098066236718
0.000589748706923
0.000340096468624


val_acc:
1.0
1.0
1.0
1.0
1.0
1.0
1.0
1.0
1.0
1.0


val_loss:
0.0475008233704
0.0197327001528
0.010746115988
0.0062252803367
0.00387886039574
0.00210150589489
0.00120541961356
0.000740754015913
0.000408338152655
0.00022475624494



choose    1    1
a    0    0
crystal    0    0
that    0    0
works    0    0
for    0    0
you    0    0
open    1    0
your    0    0
mind    0    0
to    0    0
the    0    0
idea    0    0
that    0    0
each    0    0
crystal    0    0
has    0    0
an    0    0
exclusive    0    0
'energy    0    0
medicine'    0    0
that    0    0
can    0    0
assist    0    0
you    0    0
in    0    0
your    0    0
life    0    0
right    0    0
now    0    0
remember    1    0
the    0    0
Ancients    0    0
have    0    0
known    0    0
about    0    0
the    0    0
power    0    0
of    0    0
crystals    0    0
for    0    0
centuries    0    0
allow    1    0
yourself    0    0
to    0    0
be    0    0
intuitive    0    0
to    0    0
the    0    0
process    0    0
of    0    0
choosing    0    0
a    0    0
crystal    0    0
instead    0    0
of    0    0
thinking    0    0
too    0    0
much    0    0
about    0    0
it    0    0
so    0    0
'think    1    0
less    0    0
and    0    0
feel    1    0
more'    0    0
be    1    0
specific    0    0
about    0    0
your    0    0
issue    0    0
before    0    0
choosing    1    0
a    0    0
crystal    0    0
so    0    0
take    0    0
some    0    0
time    0    0
to    0    0
write    1    0
down    0    0
the    0    0
problem    0    0
that    0    0
you    0    0
want    0    0
some    0    0
healing    0    0
energy    0    0
assistance    0    0
with    0    0
ask    1    0
the    0    0
Universe    0    0
just    0    0
before    0    0
you    0    0
are    0    0
check    1    1
for    0    0
Diagnostic    0    0
Trouble    0    0
Codes    0    0
get    1    0
into    0    0
your    0    0
vehicle    0    0
and    0    0
make    1    0
sure    0    0
the    0    0
hood    0    0
rear    0    0
tailgate    0    0
and    0    0
all    0    0
doors    0    0
on    0    0
your    0    0
vehicle    0    0
are    0    0
shut    0    0
insert    1    0
your    0    0
key    0    0
into    0    0
the    0    0
ignition    0    0
slot    0    0
and    0    0
turn    1    0
it    0    0
from    0    0
'Off'    0    0
to    0    0
'On'    0    0
3-5    0    0
times    0    0
until    0    0
'DTC    0    0
REPORT'    0    0
appears    0    0
in    0    0
the    0    0
odometer    0    0
display    0    0
for    0    0
2005-2010    0    0
models    0    0
or    0    0
the    0    0
DTC's    0    0
start    0    0
displaying    0    0
on    0    0
1999-2004    0    0
models    0    0
write    1    0
down    0    0
all    0    0
codes    0    0
starting    0    0
with    0    0
the    0    0
letter    0    0
'P'    0    0
and    0    0
ending    0    0
with    0    0
4    0    0
numbers    0    0
0-9    0    0
shut    1    0
your    0    0
vehicle    0    0
off    0    0
search    1    0
online    0    0
for    0    0
your    0    0
DTC    0    0
code    0    0
it    0    0
is    0    0
generic    0    0
for    0    0
all    0    0
vehicles    0    0
made    0    0
after    0    0
1997    0    0
null    0    0
null    0    0
null    0    0
null    0    0
null    0    0
null    0    0
null    0    0
wash    1    1
and    0    0
wax    1    0
a    0    0
car    0    0
with    0    0
waterless    0    0
carwash    0    0
all    0    0
you    0    0
need    1    0
is    0    0
waterless    0    0
carwash    0    0
1    0    0
or    0    0
2    0    0
microfiber    0    0
cloths    0    0
and    0    0
a    0    0
little    0    0
bit    0    0
of    0    0
shade    0    0
of    0    0
course    0    0
you    0    0
might    0    0
want    0    0
to    0    0
wash    1    0
your    0    0
car    0    0
with    0    0
water    0    0
and    0    0
soap    0    0
if    0    0
it's    0    0
very    0    0
dirty    0    0
before    0    0
proceeding    0    0
with    0    0
the    0    0
waterless    0    0
carwash-wax    0    0
lightly    0    0
cover    1    0
a    0    0
section    0    0
or    0    0
the    0    0
entire    0    0
microfiber    0    0
cloth    0    0
with    0    0
few    0    0
sprays    0    0
of    0    0
waterless    0    0
carwash    0    0
-    0    0
wax    1    0
or    0    0
spray    1    0
product    0    0
3    0    0
or    0    0
4    0    0
times    0    0
directly    0    0
on    0    0
the    0    0
car    0    0
wipe    1    0
in    0    0
circular    0    0
motion    0    0
until    0    0
product    0    0
is    0    0
completely    0    0
and    0    0
evenly    0    0
applied    0    0
use    1    0
a    0    0
dry    0    0
part    0    0
of    0    0
the    0    0
same    0    0
microfiber    0    0
cloth    0    0
or    0    0
use    1    0
a    0    0
new    0    0
register    1    1
your    0    0
vehicle    0    0
in    0    0
California    0    0
ensure    1    0
that    0    0
you    0    0
have    1    0
the    0    0
title    0    0
or    0    0
pink    0    0
slip    0    0
for    0    0
the    0    0
vehicle    0    0
from    0    0
the    0    0
other    0    0
state    0    0
get    1    0
a    0    0
smog    0    0
check    0    0
if    0    0
your    0    0
vehicle    0    0
is    0    0
diesel    0    0
the    0    0
smog    0    0
check    1    0
is    0    0
required    0    0
for    0    0
only    0    0
those    0    0
vehicles    0    0
manufactured    0    0
from    0    0
1996    0    0
and    0    0
newer    0    0
obtain    1    0
a    0    0
VIN    0    0
verification    0    0
get    1    0
this    0    0
from    0    0
either    0    0
law    0    0
enforcement    0    0
CA    0    0
DMV    0    0
or    0    0
a    0    0
private    0    0
licensed    0    0
VIN    0    0
verifier    0    0
visit    1    0
your    0    0
local    0    0
DMV    0    0
and    0    0
deposit    1    0
the    0    0
registration    0    0
fees    0    0
you    0    0
may    0    0
wish    0    0
to    0    0
seek    1    0
the    0    0
advice    0    0
of    0    0
a    0    0
professional    0    0
registration    0    0
service    0    0
before    0    0
going    1    0
to    0    0
the    0    0
DMV    0    0
obtain    1    0
a    0    0
copy    0    0
of    0    0
your    0    0
out    0    0
of    0    0
state    0    0
registration    0    0
or    0    0
vehicle    0    0
record    0    0
remove    1    1
a    0    0
steering    0    0
wheel    0    0
from    0    0
a    0    0
tractor    0    0
assemble    1    0
the    0    0
items    0    0
needed    0    0
park    1    0
the    0    0
tractor    0    0
somewhere    0    0
safe    0    0
and    0    0
ensure    1    0
that    0    0
it    0    0
is    0    0
completely    0    0
turned    0    0
off    0    0
and    0    0
it    0    0
is    0    0
sitting    0    0
where    0    0
it    0    0
cannot    0    0
move    0    0
slacken    1    0
the    0    0
centre    0    0
nut    0    0
first    0    0
by    0    0
backing    1    0
it    0    0
off    0    0
by    0    0
a    0    0
few    0    0
turns    0    0
but    0    0
leaving    1    0
it    0    0
in    0    0
place    0    0
place    1    0
the    0    0
puller    0    0
on    0    0
the    0    0
steering    0    0
wheel    0    0
to    0    0
avoid    0    0
damaging    0    0
the    0    0
centering    0    0
tip    0    0
of    0    0
the    0    0
puller    0    0
place    1    0
a    0    0
few    0    0
washers    0    0
under    0    0
the    0    0
screw    0    0
once    0    0
the    0    0
steering    0    0
wheel    0    0
has    0    0
moved    1    0
the    0    0
retaining    0    0
centre    0    0
nut    0    0
should    0    0
be    0    0
removed    1    0
insert    1    0
the    0    0
ratchet    0    0
as    0    0
shown    0    0
in    0    0
the    0    0
image    0    0
apply    1    0
just    0    0
the    0    0
minimum    0    0
amount    0    0
of    0    0
start    1    1
free    0    0
pilot    0    0
training    0    0
online    0    0
with    0    0
AOPA    0    0
go    1    0
to    0    0
AOPA's    0    0
website    0    0
and    0    0
click    1    0
on    0    0
Login    0    0
then    0    0
scroll    1    0
down    0    0
to    0    0
Create    0    0
an    0    0
Account    0    0
however    0    0
you    0    0
still    0    0
need    0    0
to    0    0
open    1    0
an    0    0
account    0    0
to    0    0
take    1    0
any    0    0
of    0    0
the    0    0
online    0    0
courses    0    0
hover    1    0
over    0    0
Training    0    0
and    0    0
Safety    0    0
then    0    0
scroll    1    0
down    0    0
to    0    0
select    1    0
On    0    0
Line    0    0
Learning    0    0
then    0    0
Online    0    0
Courses    0    0
look    1    0
through    0    0
the    0    0
pilot    0    0
training    0    0
courses    0    0
you    0    0
can    0    0
take    1    0
any    0    0
listed    0    0
course    0    0
at    0    0
no    0    0
cost    0    0
to    0    0
you    0    0
start    1    0
with    0    0
one    0    0
of    0    0
the    0    0
recommended    0    0
beginning    0    0
classes    0    0
verify    1    0
that    0    0
your    0    0
progress    0    0
is    0    0
being    0    0
recorded    0    0
as    0    0
you    0    0
finish    0    0
courses    0    0
just    0    0
click    1    0
on    0    0
Air    0    0
Safety    0    0
Institute    0    0
then    0    0
ASI    0    0
Transcript    0    0
if    0    0
you    0    0
stay    1    1
safe    0    0
in    0    0
a    0    0
parking    0    0
garage    0    0
when    0    0
entering    1    0
store    0    0
park    0    0
next    0    0
to    0    0
the    0    0
nearest    0    0
lit    0    0
spot    0    0
even    0    0
parking    1    0
next    0    0
to    0    0
a    0    0
little    0    0
of    0    0
light    0    0
is    0    0
better    0    0
then    0    0
no    0    0
light    0    0
at    0    0
all    0    0
avoid    1    0
parking    1    0
next    0    0
to    0    0
a    0    0
van    0    0
while    0    0
in    0    0
the    0    0
car    0    0
write    1    0
down    0    0
on    0    0
a    0    0
piece    0    0
of    0    0
paper    0    0
the    0    0
spot    0    0
of    0    0
where    0    0
you've    0    0
parked    0    0
try    0    0
to    0    0
memorize    1    0
where    0    0
you've    0    0
parked    0    0
lock    1    0
your    0    0
car    0    0
doors    0    0
and    0    0
windows    0    0
thoroughly    0    0
keep    1    0
easy    0    0
weapons    0    0
such    0    0
as    0    0
pepper    0    0
spray    0    0
or    0    0
other    0    0
easy    0    0
self    0    0
defense    0    0
tools    0    0
if    0    0
you    0    0
feel    1    0
unsafe    0    0
in    0    0
the    0    0
parking    0    0
garage    0    0
put    1    0
one    0    0
of    0    0
your    0    0
self    0    0
defense    0    0
items    0    0
in    0    0
your    0    0
purse    0    0
of    0    0
jacket    0    0
stock    1    1
a    0    0
car    0    0
trunk    0    0
with    0    0
necessities    0    0
add    1    0
emergency    0    0
supplies    0    0
and    0    0
vehicle    0    0
maintenance    0    0
tools    0    0
use    1    0
a    0    0
container    0    0
to    0    0
hold    1    0
groceries    0    0
a    0    0
crate    0    0
can    0    0
be    0    0
useful    0    0
for    0    0
groceries    0    0
so    0    0
that    0    0
they    0    0
don't    0    0
roll    0    0
and    0    0
tumble    0    0
when    0    0
you    0    0
drive    0    0
home    0    0
and    0    0
if    0    0
you    0    0
live    1    0
a    0    0
good    0    0
distance    0    0
from    0    0
the    0    0
grocery    0    0
store    0    0
you    0    0
can    0    0
put    1    0
a    0    0
cooler    0    0
in    0    0
the    0    0
truck    0    0
just    0    0
remember    1    0
to    0    0
buy    1    0
ice    0    0
when    0    0
you    0    0
are    0    0
at    0    0
the    0    0
check    0    0
out    0    0
add    1    0
rain    0    0
gear    0    0
for    0    0
those    0    0
days    0    0
when    0    0
you    0    0
get    0    0
caught    1    0
out    0    0
leave    1    0
a    0    0
pair    0    0
of    0    0
good    0    0
walking    0    0
shoes    0    0
in    0    0
the    0    0
back    0    0
of    0    0
the    0    0
car    0    0
if    0    0
you    0    0
live    1    0
in    0    0
an    0    0
area    0    0
prone    0    0
to    0    0

predicted results:


text_num: 0
pr:[1 0 0 0 0 0 0 0 0 0 0 0 0 0 0 0 0 0 0 0 0 0 0 0 0 0 0 0 0 0 0 0 0 0 0 0 0
 0 0 0 0 0 0 0 0 0 0 0 0 0 0 0 0 0 0 0 0 0 0 0 0 0 0 0 0 0 0 0 0 0 0 0 0 0
 0 0 0 0 0 0 0 0 0 0 0 0 0 0 0 0 0 0 0 0 0 0 0 0 0 0]
t_label:[1 0 0 0 0 0 0 1 0 0 0 0 0 0 0 0 0 0 0 0 0 0 0 0 0 0 0 0 0 0 1 0 0 0 0 0 0
 0 0 0 0 0 1 0 0 0 0 0 0 0 0 0 0 0 0 0 0 0 0 0 0 0 1 0 0 1 0 1 0 0 0 0 0 1
 0 0 0 0 0 0 0 1 0 0 0 0 0 0 0 0 0 0 0 1 0 0 0 0 0 0]
actions: 10
right_actions: 1
tag_actions: 1
recall: 0.100000
precision: 1.000000
f_measure: 0.181818

text_num: 1
pr:[1 0 0 0 0 0 0 0 0 0 0 0 0 0 0 0 0 0 0 0 0 0 0 0 0 0 0 0 0 0 0 0 0 0 0 0 0
 0 0 0 0 0 0 0 0 0 0 0 0 0 0 0 0 0 0 0 0 0 0 0 0 0 0 0 0 0 0 0 0 0 0 0 0 0
 0 0 0 0 0 0 0 0 0 0 0 0 0 0 0 0 0 0 0 0 0 0 0 0 0 0]
t_label:[1 0 0 0 0 1 0 0 0 0 1 0 0 0 0 0 0 0 0 0 0 0 0 0 1 0 0 0 0 0 0 0 1 0 0 0 0
 0 0 0 0 0 0 0 0 0 0 0 0 0 0 0 0 0 0 0 0 0 0 1 0 0 0 0 0 0 0 0 0 0 0 0 0 0
 1 0 0 0 1 0 0 0 0 0 0 0 0 0 0 0 0 0 0 0 0 0 0 0 0 0]
actions: 8
right_actions: 1
tag_actions: 1
recall: 0.125000
precision: 1.000000
f_measure: 0.222222

text_num: 2
pr:[1 0 0 0 0 0 0 0 0 0 0 0 0 0 0 0 0 0 0 0 0 0 0 0 0 0 0 0 0 0 0 0 0 0 0 0 0
 0 0 0 0 0 0 0 0 0 0 0 0 0 0 0 0 0 0 0 0 0 0 0 0 0 0 0 0 0 0 0 0 0 0 0 0 0
 0 0 0 0 0 0 0 0 0 0 0 0 0 0 0 0 0 0 0 0 0 0 0 0 0 0]
t_label:[1 0 1 0 0 0 0 0 0 0 1 0 0 0 0 0 0 0 0 0 0 0 0 0 0 0 0 0 0 0 0 1 0 0 0 0 0
 0 0 0 0 0 0 0 0 0 0 0 0 1 0 0 0 0 0 0 0 0 0 0 0 0 0 0 1 0 1 0 0 0 0 0 0 0
 0 0 1 0 0 0 0 0 0 0 0 0 0 1 0 0 0 0 0 0 0 0 0 1 0 0]
actions: 10
right_actions: 1
tag_actions: 1
recall: 0.100000
precision: 1.000000
f_measure: 0.181818

text_num: 3
pr:[1 0 0 0 0 0 0 0 0 0 0 0 0 0 0 0 0 0 0 0 0 0 0 0 0 0 0 0 0 0 0 0 0 0 0 0 0
 0 0 0 0 0 0 0 0 0 0 0 0 0 0 0 0 0 0 0 0 0 0 0 0 0 0 0 0 0 0 0 0 0 0 0 0 0
 0 0 0 0 0 0 0 0 0 0 0 0 0 0 0 0 0 0 0 0 0 0 0 0 0 0]
t_label:[1 0 0 0 0 1 0 0 1 0 0 0 0 0 0 0 0 0 0 0 0 1 0 0 0 0 0 0 0 0 0 0 1 0 0 0 0
 0 0 0 0 0 0 0 1 0 0 0 1 0 0 0 0 0 0 0 0 0 0 0 0 0 1 0 0 0 0 1 0 0 0 0 0 0
 0 1 0 0 0 0 0 0 0 0 1 0 0 0 1 0 0 0 0 0 0 0 0 0 0 0]
actions: 12
right_actions: 1
tag_actions: 1
recall: 0.083333
precision: 1.000000
f_measure: 0.153846

text_num: 4
pr:[1 0 0 0 0 0 0 0 0 0 0 0 0 0 0 0 0 0 0 0 0 0 0 0 0 0 0 0 0 0 0 0 0 0 0 0 0
 0 0 0 0 0 0 0 0 0 0 0 0 0 0 0 0 0 0 0 0 0 0 0 0 0 0 0 0 0 0 0 0 0 0 0 0 0
 0 0 0 0 0 0 0 0 0 0 0 0 0 0 0 0 0 0 0 0 0 0 0 0 0 0]
t_label:[1 0 0 0 0 0 0 1 0 0 0 1 0 0 0 0 0 1 0 0 0 0 0 0 0 0 0 0 0 0 0 0 1 0 0 0 0
 0 1 0 0 0 0 0 0 0 1 0 0 0 1 0 0 0 0 0 0 0 0 0 0 0 0 0 0 0 1 0 0 0 0 0 0 0
 0 0 0 0 1 0 0 0 0 0 0 1 1 0 0 0 0 0 0 0 1 0 0 0 0 0]
actions: 13
right_actions: 1
tag_actions: 1
recall: 0.076923
precision: 1.000000
f_measure: 0.142857

text_num: 5
pr:[1 0 0 0 0 0 0 0 0 0 0 0 0 0 0 0 0 0 0 0 0 0 0 0 0 0 0 0 0 0 0 0 0 0 0 0 0
 0 0 0 0 0 0 0 0 0 0 0 0 0 0 0 0 0 0 0 0 0 0 0 0 0 0 0 0 0 0 0 0 0 0 0 0 0
 0 0 0 0 0 0 0 0 0 0 0 0 0 0 0 0 0 0 0 0 0 0 0 0 0 0]
t_label:[1 0 0 0 0 0 0 1 0 0 0 0 1 0 0 0 1 0 0 0 0 0 0 0 0 0 0 1 0 0 0 1 0 0 0 0 0
 1 0 0 0 0 0 1 0 0 1 0 0 0 0 0 0 1 0 0 0 0 0 0 0 1 0 0 0 0 0 0 0 0 1 0 0 0
 0 0 0 0 1 0 0 0 0 0 0 0 0 0 0 0 1 0 0 0 0 0 0 0 0 0]
actions: 14
right_actions: 1
tag_actions: 1
recall: 0.071429
precision: 1.000000
f_measure: 0.133333

text_num: 6
pr:[1 0 0 0 0 0 0 0 0 0 0 0 0 0 0 0 0 0 0 0 0 0 0 0 0 0 0 0 0 0 0 0 0 0 0 0 0
 0 0 0 0 0 0 0 0 0 0 0 0 0 0 0 0 0 0 0 0 0 0 0 0 0 0 0 0 0 0 0 0 0 0 0 0 0
 0 0 0 0 0 0 0 0 0 0 0 0 0 0 0 0 0 0 0 0 0 0 0 0 0 0]
t_label:[1 0 0 0 0 0 0 1 0 0 0 0 0 0 0 0 0 1 0 0 0 0 0 0 0 0 0 0 0 0 0 1 1 0 0 0 0
 0 0 0 0 1 0 0 0 0 0 0 0 0 0 0 0 0 0 0 1 0 0 0 1 0 0 0 0 0 0 1 0 0 0 0 0 0
 0 0 0 0 0 0 0 0 1 0 0 0 0 0 1 0 0 0 0 0 0 0 0 0 0 0]
actions: 11
right_actions: 1
tag_actions: 1
recall: 0.090909
precision: 1.000000
f_measure: 0.166667

text_num: 7
pr:[1 0 0 0 0 0 0 0 0 0 0 0 0 0 0 0 0 0 0 0 0 0 0 0 0 0 0 0 0 0 0 0 0 0 0 0 0
 0 0 0 0 0 0 0 0 0 0 0 0 0 0 0 0 0 0 0 0 0 0 0 0 0 0 0 0 0 0 0 0 0 0 0 0 0
 0 0 0 0 0 0 0 0 0 0 0 0 0 0 0 0 0 0 0 0 0 0 0 0 0 0]
t_label:[1 0 0 0 0 0 1 0 0 0 0 0 0 1 0 0 0 1 0 0 0 0 0 0 0 0 0 0 0 0 0 0 0 0 0 0 0
 0 0 0 1 0 0 0 0 0 0 0 0 0 1 0 0 0 0 0 0 1 0 1 0 0 0 0 0 0 0 0 1 0 0 0 0 0
 0 0 0 1 0 1 0 0 0 0 0 0 0 0 0 0 0 0 0 0 1 0 0 0 0 0]
actions: 12
right_actions: 1
tag_actions: 1
recall: 0.083333
precision: 1.000000
f_measure: 0.153846

total_actions: 90
total_right_actions: 8
total_tag_actions: 8
total_recall: 0.088889
total_precision: 1.000000
total_f_measure: 0.163265


Time cost 434s