

classifier 0
acc:
0.464285714286
0.464285714286
0.464285714286


loss:
7.50266534942
8.54056371961
8.54056392397


val_acc:
0.464285718543
0.464285718543
0.464285718543


val_loss:
8.54056399209
8.54056399209
8.54056399209




classifier 1
acc:
0.995535714286
1.0
1.0


loss:
0.0746659466199
1.19209303762e-07
1.19209303762e-07


val_acc:
1.0
1.0
1.0


val_loss:
1.19209303762e-07
1.19209303762e-07
1.19209303762e-07




classifier 2
acc:
0.803571428571
0.892857142857
0.892857142857


loss:
1.67053111962
1.7269388267
1.72693886076


val_acc:
0.892857151372
0.892857151372
0.892857151372


val_loss:
1.72693877561
1.72693877561
1.72693877561




classifier 3
acc:
0.848214285714
0.964285714286
0.964285714286


loss:
0.543878623417
0.575646383422
0.575646383422


val_acc:
0.964285705771
0.964285705771
0.964285705771


val_loss:
0.575646374907
0.575646374907
0.575646374907




classifier 4
acc:
0.321428571429
0.285714285714
0.285714285714


loss:
10.0699734177
11.387418202
11.387418202


val_acc:
0.285714281457
0.285714281457
0.285714281457


val_loss:
11.3874183382
11.3874183382
11.3874183382




classifier 5
acc:
0.75
0.857142857143
0.857142857143


loss:
2.24542018345
2.30258507388
2.30258510794


val_acc:
0.857142857143
0.857142857143
0.857142857143


val_loss:
2.30258505685
2.30258505685
2.30258505685




classifier 6
acc:
0.857142857143
0.857142857143
0.857142857143


loss:
2.07092172759
2.30258507388
2.30258507388


val_acc:
0.857142848628
0.857142848628
0.857142848628


val_loss:
2.30258502279
2.30258502279
2.30258502279




classifier 7
acc:
0.767857142857
0.892857142857
0.892857142857


loss:
1.78108944212
1.72693880967
1.7269388267


val_acc:
0.892857151372
0.892857151372
0.892857151372


val_loss:
1.72693877561
1.72693877561
1.72693877561




classifier 8
acc:
0.848214285714
0.857142857143
0.857142857143


loss:
2.21341047117
2.30258507388
2.30258507388


val_acc:
0.857142848628
0.857142848628
0.857142848628


val_loss:
2.30258502279
2.30258502279
2.30258502279




classifier 9
acc:
0.6875
0.785714285714
0.785714285714


loss:
3.23293863024
3.45387758527
3.45387765339


val_acc:
0.785714294229
0.785714294229
0.785714294229


val_loss:
3.45387761933
3.45387761933
3.45387761933




classifier 10
acc:
0.794642857143
0.892857142857
0.892857142857


loss:
1.54199138709
1.7269388267
1.72693884373


val_acc:
0.892857142857
0.892857142857
0.892857142857


val_loss:
1.72693879264
1.72693879264
1.72693879264




classifier 11
acc:
0.870535714286
0.892857142857
0.892857142857


loss:
1.51613043036
1.72693884373
1.72693884373


val_acc:
0.892857142857
0.892857142857
0.892857142857


val_loss:
1.72693879264
1.72693879264
1.72693879264




classifier 12
acc:
0.8125
0.928571428571
0.928571428571


loss:
1.13722785882
1.15129261357
1.15129259654


val_acc:
0.928571420056
0.928571420056
0.928571420056


val_loss:
1.151292571
1.151292571
1.151292571




classifier 13
acc:
0.785714285714
0.785714285714
0.785714285714


loss:
3.22863566024
3.4538776023
3.45387768745


val_acc:
0.785714294229
0.785714294229
0.785714294229


val_loss:
3.45387761933
3.45387761933
3.45387761933




classifier 14
acc:
0.700892857143
0.714285714286
0.714285714286


loss:
4.11678050246
4.60517014776
4.60517007964


val_acc:
0.714285714286
0.714285714286
0.714285714286


val_loss:
4.6051701137
4.6051701137
4.6051701137




classifier 15
acc:
0.723214285714
0.857142857143
0.857142857143


loss:
2.40958860942
2.30258509091
2.30258509091


val_acc:
0.857142857143
0.857142857143
0.857142857143


val_loss:
2.30258505685
2.30258505685
2.30258505685




classifier 16
acc:
0.616071428571
0.714285714286
0.714285714286


loss:
4.42757541793
4.60517021588
4.6051701137


val_acc:
0.714285705771
0.714285705771
0.714285705771


val_loss:
4.60517031806
4.60517031806
4.60517031806




classifier 17
acc:
0.767857142857
0.892857142857
0.892857142857


loss:
1.85213262694
1.72693880967
1.72693884373


val_acc:
0.892857142857
0.892857142857
0.892857142857


val_loss:
1.72693879264
1.72693879264
1.72693879264




classifier 18
acc:
0.928571428571
0.928571428571
0.928571428571


loss:
0.991963948522
1.15129259654
1.15129261357


val_acc:
0.928571437086
0.928571437086
0.928571437086


val_loss:
1.15129257951
1.15129257951
1.15129257951




classifier 19
acc:
0.629464285714
0.714285714286
0.714285714286


loss:
4.29972388915
4.60517021588
4.60517018182


val_acc:
0.714285705771
0.714285705771
0.714285705771


val_loss:
4.60517031806
4.60517031806
4.60517031806




classifier 20
acc:
0.75
0.857142857143
0.857142857143


loss:
2.25802426679
2.30258505685
2.30258507388


val_acc:
0.857142865658
0.857142865658
0.857142865658


val_loss:
2.30258503982
2.30258503982
2.30258503982




classifier 21
acc:
0.857142857143
0.857142857143
0.857142857143


loss:
2.0918089492
2.30258509091
2.30258512497


val_acc:
0.857142865658
0.857142865658
0.857142865658


val_loss:
2.30258503982
2.30258503982
2.30258503982




classifier 22
acc:
0.857142857143
0.857142857143
0.857142857143


loss:
2.01672760078
2.30258505685
2.30258507388


val_acc:
0.857142857143
0.857142857143
0.857142857143


val_loss:
2.30258505685
2.30258505685
2.30258505685




classifier 23
acc:
0.892857142857
0.892857142857
0.892857142857


loss:
1.49608540535
1.72693884373
1.7269388267


val_acc:
0.892857142857
0.892857142857
0.892857142857


val_loss:
1.72693879264
1.72693879264
1.72693879264




classifier 24
acc:
0.294642857143
0.25
0.25


loss:
10.5809418304
11.9567890167
11.9567890167


val_acc:
0.249999997871
0.249999997871
0.249999997871


val_loss:
11.9567892892
11.9567892892
11.9567892892




classifier 25
acc:
0.75
0.892857142857
0.892857142857


loss:
1.99566921166
1.7269388267
1.72693884373


val_acc:
0.892857142857
0.892857142857
0.892857142857


val_loss:
1.72693879264
1.72693879264
1.72693879264




classifier 26
acc:
0.71875
0.75
0.75


loss:
3.83308076007
4.02952388355
4.02952391761


val_acc:
0.75
0.75
0.75


val_loss:
4.02952384949
4.02952384949
4.02952384949




classifier 27
acc:
0.732142857143
0.857142857143
0.857142857143


loss:
2.40480525153
2.30258507388
2.30258505685


val_acc:
0.857142857143
0.857142857143
0.857142857143


val_loss:
2.30258505685
2.30258505685
2.30258505685




classifier 28
acc:
0.366071428571
0.321428571429
0.321428571429


loss:
9.42236618485
10.8180473873
10.8180473873


val_acc:
0.321428575686
0.321428575686
0.321428575686


val_loss:
10.818047251
10.818047251
10.818047251




classifier 29
acc:
0.763392857143
0.857142857143
0.857142857143


loss:
2.13892866884
2.30258507388
2.30258509091


val_acc:
0.857142848628
0.857142848628
0.857142848628


val_loss:
2.30258509942
2.30258509942
2.30258509942




classifier 30
acc:
0.705357142857
0.785714285714
0.785714285714


loss:
3.33374105181
3.45387758527
3.45387755122


val_acc:
0.785714285714
0.785714285714
0.785714285714


val_loss:
3.45387758527
3.45387758527
3.45387758527




classifier 31
acc:
0.857142857143
0.857142857143
0.857142857143


loss:
1.81716331414
2.30258507388
2.30258507388


val_acc:
0.857142848628
0.857142848628
0.857142848628


val_loss:
2.30258502279
2.30258502279
2.30258502279




classifier 32
acc:
0.825892857143
0.857142857143
0.857142857143


loss:
1.88839646748
2.30258507388
2.30258507388


val_acc:
0.857142848628
0.857142848628
0.857142848628


val_loss:
2.30258502279
2.30258502279
2.30258502279




classifier 33
acc:
0.674107142857
0.75
0.75


loss:
3.49194899627
4.02952384949
4.02952384949


val_acc:
0.749999991485
0.749999991485
0.749999991485


val_loss:
4.02952391761
4.02952391761
4.02952391761




classifier 34
acc:
0.727678571429
0.821428571429
0.821428571429


loss:
2.63825321198
2.87823135512
2.87823133809


val_acc:
0.821428579944
0.821428579944
0.821428579944


val_loss:
2.87823130403
2.87823130403
2.87823130403




classifier 35
acc:
0.785714285714
0.785714285714
0.785714285714


loss:
3.04256941591
3.45387755122
3.45387765339


val_acc:
0.785714294229
0.785714294229
0.785714294229


val_loss:
3.45387761933
3.45387761933
3.45387761933




classifier 36
acc:
0.205357142857
0.107142857143
0.107142857143


loss:
12.3836431546
14.2342722757
14.2342722757


val_acc:
0.107142857143
0.107142857143
0.107142857143


val_loss:
14.2342726844
14.2342726844
14.2342726844




classifier 37
acc:
0.785714285714
0.928571428571
0.928571428571


loss:
1.28273253781
1.15129259654
1.15129261357


val_acc:
0.928571437086
0.928571437086
0.928571437086


val_loss:
1.15129257951
1.15129257951
1.15129257951




classifier 38
acc:
0.772321428571
0.821428571429
0.821428571429


loss:
2.40849152633
2.87823132106
2.87823137215


val_acc:
0.821428562914
0.821428562914
0.821428562914


val_loss:
2.878231287
2.878231287
2.878231287




classifier 39
acc:
0.419642857143
0.357142857143
0.357142857143


loss:
8.7057863559
10.2486765725
10.2486765044


val_acc:
0.3571428614
0.3571428614
0.3571428614


val_loss:
10.2486764363
10.2486764363
10.2486764363




classifier 40
acc:
0.285714285714
0.214285714286
0.214285714286


loss:
10.9030301911
12.5261598315
12.5261598315


val_acc:
0.214285712157
0.214285712157
0.214285712157


val_loss:
12.5261601039
12.5261601039
12.5261601039




classifier 41
acc:
0.803571428571
0.928571428571
0.928571428571


loss:
1.14669117757
1.15129259654
1.15129261357


val_acc:
0.928571437086
0.928571437086
0.928571437086


val_loss:
1.15129257951
1.15129257951
1.15129257951




classifier 42
acc:
0.78125
0.821428571429
0.821428571429


loss:
2.62056839466
2.87823132106
2.87823138918


val_acc:
0.821428579944
0.821428579944
0.821428579944


val_loss:
2.87823135512
2.87823135512
2.87823135512




classifier 43
acc:
0.84375
0.857142857143
0.857142857143


loss:
2.38920496191
2.30258507388
2.30258509091


val_acc:
0.857142857143
0.857142857143
0.857142857143


val_loss:
2.30258505685
2.30258505685
2.30258505685




classifier 44
acc:
0.71875
0.785714285714
0.785714285714


loss:
2.99153601272
3.45387761933
3.45387758527


val_acc:
0.785714285714
0.785714285714
0.785714285714


val_loss:
3.45387758527
3.45387758527
3.45387758527




classifier 45
acc:
0.580357142857
0.642857142857
0.642857142857


loss:
5.22305629083
5.75646277836
5.75646264212


val_acc:
0.642857134342
0.642857134342
0.642857134342


val_loss:
5.75646284648
5.75646284648
5.75646284648




classifier 46
acc:
0.6875
0.75
0.75


loss:
3.56028749262
4.02952384949
4.02952388355


val_acc:
0.749999991485
0.749999991485
0.749999991485


val_loss:
4.02952391761
4.02952391761
4.02952391761




classifier 47
acc:
0.660714285714
0.714285714286
0.714285714286


loss:
4.08464746816
4.6051701137
4.6051701137


val_acc:
0.714285714286
0.714285714286
0.714285714286


val_loss:
4.6051701137
4.6051701137
4.6051701137




classifier 48
acc:
0.803571428571
0.928571428571
0.928571428571


loss:
1.19689401558
1.15129261357
1.15129259654


val_acc:
0.928571420056
0.928571420056
0.928571420056


val_loss:
1.15129263912
1.15129263912
1.15129263912




classifier 49
acc:
0.754464285714
0.785714285714
0.785714285714


loss:
3.11927046946
3.45387758527
3.45387758527


val_acc:
0.785714285714
0.785714285714
0.785714285714


val_loss:
3.45387758527
3.45387758527
3.45387758527




classifier 50
acc:
0.928571428571
0.928571428571
0.928571428571


loss:
1.12957892673
1.15129261357
1.15129261357


val_acc:
0.928571420056
0.928571420056
0.928571420056


val_loss:
1.151292571
1.151292571
1.151292571




classifier 51
acc:
0.803571428571
0.892857142857
0.892857142857


loss:
1.62072939532
1.72693884373
1.72693884373


val_acc:
0.892857142857
0.892857142857
0.892857142857


val_loss:
1.72693879264
1.72693879264
1.72693879264




classifier 52
acc:
0.276785714286
0.178571428571
0.178571428571


loss:
11.2393182005
13.0955306462
13.0955306462


val_acc:
0.178571426443
0.178571426443
0.178571426443


val_loss:
13.0955309187
13.0955309187
13.0955309187




classifier 53
acc:
0.839285714286
0.964285714286
0.964285714286


loss:
0.626899855477
0.575646383422
0.575646383422


val_acc:
0.964285714286
0.964285714286
0.964285714286


val_loss:
0.575646383422
0.575646383422
0.575646383422




classifier 54
acc:
0.705357142857
0.75
0.75


loss:
3.63486469643
4.02952388355
4.02952384949


val_acc:
0.749999991485
0.749999991485
0.749999991485


val_loss:
4.02952391761
4.02952391761
4.02952391761




classifier 55
acc:
0.794642857143
0.892857142857
0.892857142857


loss:
1.55288282463
1.72693884373
1.7269388267


val_acc:
0.892857142857
0.892857142857
0.892857142857


val_loss:
1.72693879264
1.72693879264
1.72693879264




classifier 56
acc:
0.776785714286
0.892857142857
0.892857142857


loss:
1.58362065043
1.72693884373
1.72693884373


val_acc:
0.892857151372
0.892857151372
0.892857151372


val_loss:
1.72693877561
1.72693877561
1.72693877561




classifier 57
acc:
0.75
0.857142857143
0.857142857143


loss:
2.24296215602
2.30258505685
2.30258509091


val_acc:
0.857142857143
0.857142857143
0.857142857143


val_loss:
2.30258505685
2.30258505685
2.30258505685




classifier 58
acc:
0.736607142857
0.821428571429
0.821428571429


loss:
2.6320887804
2.87823135512
2.87823133809


val_acc:
0.821428579944
0.821428579944
0.821428579944


val_loss:
2.87823135512
2.87823135512
2.87823135512




classifier 59
acc:
0.857142857143
0.857142857143
0.857142857143


loss:
2.07392474583
2.30258509091
2.30258505685


val_acc:
0.857142857143
0.857142857143
0.857142857143


val_loss:
2.30258505685
2.30258505685
2.30258505685




classifier 60
acc:
0.857142857143
0.857142857143
0.857142857143


loss:
2.13242561477
2.30258512497
2.30258507388


val_acc:
0.857142857143
0.857142857143
0.857142857143


val_loss:
2.30258505685
2.30258505685
2.30258505685




classifier 61
acc:
0.741071428571
0.857142857143
0.857142857143


loss:
2.2523282596
2.30258507388
2.30258509091


val_acc:
0.857142865658
0.857142865658
0.857142865658


val_loss:
2.30258503982
2.30258503982
2.30258503982




classifier 62
acc:
0.857142857143
0.857142857143
0.857142857143


loss:
2.16432430063
2.30258510794
2.30258507388


val_acc:
0.857142857143
0.857142857143
0.857142857143


val_loss:
2.30258505685
2.30258505685
2.30258505685




classifier 63
acc:
0.758928571429
0.785714285714
0.785714285714


loss:
2.90173283645
3.45387758527
3.45387758527


val_acc:
0.785714285714
0.785714285714
0.785714285714


val_loss:
3.45387758527
3.45387758527
3.45387758527




classifier 64
acc:
0.767857142857
0.857142857143
0.857142857143


loss:
2.12536864621
2.30258505685
2.30258505685


val_acc:
0.857142865658
0.857142865658
0.857142865658


val_loss:
2.30258503982
2.30258503982
2.30258503982




classifier 65
acc:
0.665178571429
0.714285714286
0.714285714286


loss:
4.00679191521
4.60517018182
4.60517014776


val_acc:
0.714285722801
0.714285722801
0.714285722801


val_loss:
4.60517004558
4.60517004558
4.60517004558




classifier 66
acc:
0.741071428571
0.857142857143
0.857142857143


loss:
2.68179108841
2.30258507388
2.30258507388


val_acc:
0.857142857143
0.857142857143
0.857142857143


val_loss:
2.30258505685
2.30258505685
2.30258505685




classifier 67
acc:
0.651785714286
0.714285714286
0.714285714286


loss:
4.10072800091
4.60517018182
4.60517007964


val_acc:
0.714285705771
0.714285705771
0.714285705771


val_loss:
4.60517031806
4.60517031806
4.60517031806




classifier 68
acc:
0.669642857143
0.75
0.75


loss:
3.66025587491
4.02952384949
4.02952384949


val_acc:
0.75
0.75
0.75


val_loss:
4.02952384949
4.02952384949
4.02952384949




classifier 69
acc:
0.276785714286
0.178571428571
0.178571428571


loss:
11.2382673195
13.0955306462
13.0955306462


val_acc:
0.1785714307
0.1785714307
0.1785714307


val_loss:
13.0955307824
13.0955307824
13.0955307824




classifier 70
acc:
0.910714285714
0.928571428571
0.928571428571


loss:
1.02596288068
1.15129261357
1.15129261357


val_acc:
0.928571437086
0.928571437086
0.928571437086


val_loss:
1.15129257951
1.15129257951
1.15129257951




classifier 71
acc:
0.785714285714
0.785714285714
0.785714285714


loss:
3.0925974335
3.45387761933
3.45387761933


val_acc:
0.785714277199
0.785714277199
0.785714277199


val_loss:
3.45387755122
3.45387755122
3.45387755122




classifier 72
acc:
0.758928571429
0.857142857143
0.857142857143


loss:
2.10718280928
2.30258510794
2.30258507388


val_acc:
0.857142857143
0.857142857143
0.857142857143


val_loss:
2.30258505685
2.30258505685
2.30258505685




classifier 73
acc:
0.678571428571
0.714285714286
0.714285714286


loss:
4.19837651082
4.60517007964
4.60517018182


val_acc:
0.714285705771
0.714285705771
0.714285705771


val_loss:
4.60517031806
4.60517031806
4.60517031806




classifier 74
acc:
0.776785714286
0.892857142857
0.892857142857


loss:
1.70304272856
1.72693884373
1.72693884373


val_acc:
0.892857151372
0.892857151372
0.892857151372


val_loss:
1.72693877561
1.72693877561
1.72693877561




classifier 75
acc:
0.267857142857
0.214285714286
0.214285714286


loss:
11.0487643821
12.5261598315
12.5261598315


val_acc:
0.214285714286
0.214285714286
0.214285714286


val_loss:
12.5261602402
12.5261602402
12.5261602402




classifier 76
acc:
0.799107142857
0.821428571429
0.821428571429


loss:
2.61086318323
2.87823135512
2.87823135512


val_acc:
0.821428579944
0.821428579944
0.821428579944


val_loss:
2.87823135512
2.87823135512
2.87823135512




classifier 77
acc:
0.928571428571
0.928571428571
0.928571428571


loss:
0.936904856137
1.15129261357
1.15129261357


val_acc:
0.928571420056
0.928571420056
0.928571420056


val_loss:
1.151292571
1.151292571
1.151292571




classifier 78
acc:
0.772321428571
0.785714285714
0.785714285714


loss:
3.11082441466
3.45387755122
3.45387758527


val_acc:
0.785714277199
0.785714277199
0.785714277199


val_loss:
3.45387755122
3.45387755122
3.45387755122




classifier 79
acc:
0.816964285714
0.857142857143
0.857142857143


loss:
1.97309512751
2.30258507388
2.30258507388


val_acc:
0.857142848628
0.857142848628
0.857142848628


val_loss:
2.30258502279
2.30258502279
2.30258502279




classifier 80
acc:
0.294642857143
0.214285714286
0.214285714286


loss:
10.8431309547
12.5261598315
12.5261598315


val_acc:
0.214285716414
0.214285716414
0.214285716414


val_loss:
12.5261599677
12.5261599677
12.5261599677




classifier 81
acc:
0.785714285714
0.785714285714
0.785714285714


loss:
3.16271241222
3.45387755122
3.45387761933


val_acc:
0.785714294229
0.785714294229
0.785714294229


val_loss:
3.45387761933
3.45387761933
3.45387761933




classifier 82
acc:
0.892857142857
0.892857142857
0.892857142857


loss:
1.65683344432
1.72693884373
1.72693884373


val_acc:
0.892857142857
0.892857142857
0.892857142857


val_loss:
1.72693879264
1.72693879264
1.72693879264




classifier 83
acc:
0.758928571429
0.821428571429
0.821428571429


loss:
2.36478307417
2.87823132106
2.87823135512


val_acc:
0.821428562914
0.821428562914
0.821428562914


val_loss:
2.878231287
2.878231287
2.878231287




classifier 84
acc:
0.8125
0.821428571429
0.821428571429


loss:
2.59232863358
2.87823132106
2.87823135512


val_acc:
0.821428571429
0.821428571429
0.821428571429


val_loss:
2.87823132106
2.87823132106
2.87823132106




classifier 85
acc:
0.732142857143
0.821428571429
0.821428571429


loss:
2.65325906447
2.87823132106
2.87823133809


val_acc:
0.821428562914
0.821428562914
0.821428562914


val_loss:
2.878231287
2.878231287
2.878231287




classifier 86
acc:
0.330357142857
0.25
0.25


loss:
10.2493622133
11.9567890167
11.9567890167


val_acc:
0.249999997871
0.249999997871
0.249999997871


val_loss:
11.9567892892
11.9567892892
11.9567892892




classifier 87
acc:
0.928571428571
0.928571428571
0.928571428571


loss:
1.14856877923
1.15129261357
1.15129259654


val_acc:
0.928571437086
0.928571437086
0.928571437086


val_loss:
1.15129257951
1.15129257951
1.15129257951




classifier 88
acc:
0.5625
0.535714285714
0.535714285714


loss:
6.21894318717
7.48340163912
7.48340150288


val_acc:
0.535714294229
0.535714294229
0.535714294229


val_loss:
7.48340150288
7.48340150288
7.48340150288




classifier 89
acc:
0.973214285714
1.0
1.0


loss:
0.0828676394054
1.19209303762e-07
1.19209303762e-07


val_acc:
1.0
1.0
1.0


val_loss:
1.19209303762e-07
1.19209303762e-07
1.19209303762e-07




classifier 90
acc:
0.267857142857
0.214285714286
0.214285714286


loss:
11.055545594
12.5261598315
12.5261598315


val_acc:
0.214285714286
0.214285714286
0.214285714286


val_loss:
12.5261602402
12.5261602402
12.5261602402




classifier 91
acc:
0.633928571429
0.714285714286
0.714285714286


loss:
4.22382540362
4.60517014776
4.60517021588


val_acc:
0.714285722801
0.714285722801
0.714285722801


val_loss:
4.60517001152
4.60517001152
4.60517001152




classifier 92
acc:
0.696428571429
0.785714285714
0.785714285714


loss:
3.21720957756
3.45387765339
3.45387761933


val_acc:
0.785714285714
0.785714285714
0.785714285714


val_loss:
3.45387758527
3.45387758527
3.45387758527




classifier 93
acc:
0.678571428571
0.678571428571
0.678571428571


loss:
4.75917076213
5.18081641197
5.18081637791


val_acc:
0.678571420056
0.678571420056
0.678571420056


val_loss:
5.18081630979
5.18081630979
5.18081630979




classifier 94
acc:
0.848214285714
0.964285714286
0.964285714286


loss:
0.631009544645
0.575646383422
0.575646383422


val_acc:
0.964285705771
0.964285705771
0.964285705771


val_loss:
0.575646374907
0.575646374907
0.575646374907




classifier 95
acc:
0.678571428571
0.75
0.75


loss:
3.64211334501
4.02952388355
4.02952384949


val_acc:
0.75
0.75
0.75


val_loss:
4.02952384949
4.02952384949
4.02952384949




classifier 96
acc:
0.745535714286
0.785714285714
0.785714285714


loss:
3.04826521022
3.45387768745
3.45387756824


val_acc:
0.785714294229
0.785714294229
0.785714294229


val_loss:
3.45387761933
3.45387761933
3.45387761933




classifier 97
acc:
0.25
0.178571428571
0.178571428571


loss:
11.4760953188
13.0955306462
13.0955306462


val_acc:
0.178571426443
0.178571426443
0.178571426443


val_loss:
13.0955309187
13.0955309187
13.0955309187




classifier 98
acc:
0.678571428571
0.678571428571
0.678571428571


loss:
4.620315407
5.18081634385
5.18081637791


val_acc:
0.678571437086
0.678571437086
0.678571437086


val_loss:
5.18081630979
5.18081630979
5.18081630979




classifier 99
acc:
0.75
0.857142857143
0.857142857143


loss:
2.15743513618
2.30258505685
2.30258505685


val_acc:
0.857142848628
0.857142848628
0.857142848628


val_loss:
2.30258502279
2.30258502279
2.30258502279



double-click    1    1
the    0    0
modems    0    0
branch    0    0
to    0    1
expand    0    0
it    0    0
right-click    1    0
56000    0    0
bps    0    0
v90    0    0
modem    0    0
click    1    0
properties    0    0
and    0    0
then    0    0
click    1    0
the    0    0
modem    0    0
tab    0    0
change    1    0
the    0    0
maximum    0    0
port    0    0
speed    0    1
to    0    0
115200    0    0
and    0    0
then    0    1
click    1    0
ok    0    0
in    0    0
control    0    0
panel    0    0
double-click    1    0
phone    0    0
and    0    1
modem    0    0
options    0    0
click    1    1
modems    0    1
and    0    0
then    0    0
click    1    0
add    0    0
click    1    0
to    0    0
select    0    0
the    0    0
don't    0    0
detect    0    0
my    0    0
modem;    0    1
i    0    0
will    0    0
select    1    0
it    0    0
from    0    0
a    0    0
list    0    0
check    0    0
box    0    0
and    0    0
then    0    0
click    1    0
next    0    0
in    0    0
the    0    0
manufacturers    0    0
list    0    1
click    1    0
boca    0    0
research    0    0
in    0    0
the    0    0
models    0    1
list    0    0
click    1    0
boca    0    0
33.6    0    0
kbps    0    1
internal    0    0
fd34fsvd    0    0
and    0    0
then    0    0
click    1    0
next    0    1
click    1    0
the    0    0
com    0    0
port    0    1
where    0    0
you    0    0
want    0    0
to    0    0
install    0    0
the    0    0
modem    0    1
and    0    0
then    0    0
click    1    1
internet    0    0
in    0    0
the    0    0
select    0    1
a    0    0
web    0    0
content    0    0
zone    0    0
to    0    0
specify    0    0
its    0    0
security    0    0
settings    0    0
section    0    0
and    0    0
then    0    0
click    1    0
custom    0    0
level    0    0
in    0    0
the    0    0
run    0    0
activex    0    0
scripts    0    1
and    0    0
plugins    0    0
section    0    0
click    1    1
disable    0    0
and    0    0
then    0    0
click    1    0
ok    0    0
click    1    0
start    0    0
point    1    1
to    0    0
search    0    0
and    0    1
then    0    1
click    1    0
for    0    0
files    0    0
and    0    0
folders    0    0
in    0    0
the    0    0
search    0    0
for    0    0
files    0    0
and    0    0
folders    0    1
named    0    0
box    0    0
type    1    0
msn.cms    0    0
click    1    0
search    0    0
now    0    0
right-click    1    0
my    0    0
network    0    0
places    0    0
and    0    0
then    0    0
click    1    0
properties    0    0
right-click    1    0
local    0    1
area    0    0
connection    0    0
and    0    0
then    0    0
click    1    0
properties    0    1
click    1    0
to    0    0
select    0    0
the    0    0
file    0    1
and    0    0
printer    0    0
sharing    0    0
for    0    0
microsoft    0    0
networks    0    1
check    0    0
box    0    0
click    1    0
ok    0    1
click    1    0
start    0    0
point    1    0
to    0    0
settings    0    0
and    0    0
then    0    1
click    1    0
control    0    0
click    1    1
to    0    0
clear    0    0
the    0    0
negotiate    0    1
multi-link    0    0
for    0    0
single    0    0
link    0    0
connections    0    0
check    0    0
box    0    0
click    1    0
ok    0    0
click    1    0
ok    0    0
click    1    0
start    0    0
point    1    0
to    0    0
programs    0    0
point    1    0
to    0    0
administrative    0    0
tools    0    1
and    0    0
then    0    0
click    1    0
computer    0    1
management    0    0
double-click    1    0
local    0    0
users    0    0
and    0    0
groups    0    0
click    1    0
users    0    1
and    0    0
then    0    0
double-click    1    1
the    0    1
user    0    0
you    0    0
want    0    0
to    0    0
add    0    0
to    0    0
the    0    0
local    0    0
administrator    0    0
group    0    0
or    0    0
the    0    1
power    0    0
user    0    0
group    0    0
click    1    0
the    0    0
member    0    0
of    0    0
tab    0    0
click    1    0
add    0    0
and    0    0
then    0    0
click    1    0
either    0    0
the    0    0
administrators    0    0
or    0    1
power    0    0
users    0    0
group    0    0
click    1    0
add    0    0
click    1    1
ok    0    0
and    0    0
then    0    0
click    1    0
ok    0    1
click    1    0
start    0    0
point    1    0
to    0    0
settings    0    0
and    0    1
then    0    0
click    1    0
printers    0    0
double-click    1    1
add    0    0
printer    0    0
click    1    0
next    0    0
click    1    0
local    0    0
printer    0    1
and    0    0
then    0    0
open    1    1
registry    0    0
editor    0    0
locate    1    0
the    0    1
following    0    0
key    0    0
in    0    0
the    0    0
registry    0    0
hkey_local_machine    0    0
system    0    0
currentcontrolset    0    0
services    0    0
afd    0    0
in    0    0
the    0    0
right    0    0
pane    0    0
of    0    0
the    0    0
registry    0    0
editor    0    0
window    0    0
double-click    1    1
the    0    0
value    0    0
start    0    0
type    1    1
2    0    0
in    0    0
the    0    0
value    0    0
data    0    0
box    0    0
and    0    0
then    0    1
click    1    0
ok    0    0
on    0    1
the    0    1
desktop    0    0
right-click    1    0
my    0    0
network    0    0
places    0    0
and    0    0
then    0    0
click    1    0
properties    0    0
right-click    1    0
the    0    0
internal    0    1
adapter    0    0
and    0    0
then    0    0
click    1    0
properties    0    0
click    1    0
internet    0    0
protocol    0    0
tcpip    0    0
and    0    0
then    0    0
click    1    0
properties    0    0
click    1    0
the    0    0
advanced    0    0
button    0    1
click    1    0
the    0    0
dns    0    0
tab    0    0
and    0    0
then    0    1
click    1    0
to    0    0
select    0    0
the    0    0
register    0    1
this    0    0
connection's    0    0
addresses    0    0
in    0    0
dns    0    0
check    0    1
box    0    0
at    0    0
the    0    0
bottom    0    1
of    0    0
the    0    0
tab    0    0
click    1    0
ok    0    0
until    0    0
the    0    1
network    0    0
properties    0    0
open    1    1
the    0    0
internet    0    0
explorer    0    0
window    0    1
click    1    0
tools    0    0
and    0    0
then    0    0
click    1    0
internet    0    0
options    0    0
in    0    0
the    0    0
internet    0    0
options    0    0
window    0    0
click    1    0
the    0    0
general    0    0
tab    0    0
under    0    0
temporary    0    0
internet    0    0
files    0    1
click    1    0
delete    0    0
files    0    0
and    0    1
then    0    0
click    1    0
ok    0    0
click    1    0
start    0    0
point    1    0
to    0    0
settings    0    1
click    1    0
control    0    0
panel    0    1
and    0    1
then    0    0
double-click    1    0
scheduled    0    0
tasks    0    0
right-click    1    0
the    0    0
task    0    0
you    0    0
want    0    0
to    0    0
disable    0    0
and    0    1
then    0    0
click    1    0
properties    0    0
on    0    0
the    0    0
task    0    0
tab    0    0
click    1    0
to    0    0
clear    0    0
the    0    0
enabled    0    0
scheduled    0    0
task    0    0
runs    0    0
at    0    0
specified    0    1
time    0    0
check    0    0
box    0    0
and    0    0
then    0    0
click    1    1
ok    0    0
click    1    0
start    0    0
point    1    0
to    0    1
programs    0    0
point    1    0
to    0    0
administrative    0    0
tools    0    0
and    0    1
then    0    0
click    1    0
local    0    0
security    0    1
policy    0    0
click    1    0
to    0    0
expand    0    0
the    0    0
security    0    0
settings    0    1
node    0    0
in    0    0

predicted results:


text_num: 0
pr:[1 0 0 0 1 0 0 0 0 0 0 0 0 0 0 0 0 0 0 0 0 0 0 0 1 0 0 0 1 0 0 0 0 0 0 0 1
 0 0 1 1 0 0 0 0 0 0 0 0 0 0 0 1 0 0 0 0 0 0 0 0 0 0 0 0 0 0 0 0 1 0 0 0 0
 0 1 0 0 0 0 1 0 0 0 0 0 1 0 0 0 1 0 0 0 0 0 0 1 0 0]
t_label:[1 0 0 0 0 0 0 1 0 0 0 0 1 0 0 0 1 0 0 0 1 0 0 0 0 0 0 0 0 1 0 0 0 0 1 0 0
 0 0 1 0 0 0 1 0 1 0 0 0 0 0 0 0 0 0 1 0 0 0 0 0 0 0 0 1 0 0 0 0 0 1 0 0 0
 0 0 0 1 0 0 0 0 0 0 0 1 0 1 0 0 0 0 0 0 0 0 0 0 0 0]
actions: 16
right_actions: 2
tag_actions: 14
recall: 0.125000
precision: 0.142857
f_measure: 0.133333

text_num: 1
pr:[1 0 0 0 1 0 0 0 0 0 0 0 0 0 0 0 0 0 0 0 0 0 0 0 1 0 0 0 1 0 0 0 0 0 0 0 1
 0 0 1 1 0 0 0 0 0 0 0 0 0 0 0 1 0 0 0 0 0 0 0 0 0 0 0 0 0 0 0 0 1 0 0 0 0
 0 1 0 0 0 0 1 0 0 0 0 0 1 0 0 0 1 0 0 0 0 0 0 1 0 0]
t_label:[1 0 0 0 0 0 0 0 0 0 0 0 0 0 0 0 0 1 0 0 0 0 0 0 0 0 0 0 1 0 0 0 1 0 1 0 1
 0 0 0 0 1 0 0 0 0 0 0 0 0 0 0 0 0 0 1 0 1 0 0 1 0 0 0 0 0 1 0 1 0 0 0 0 0
 1 0 1 0 0 0 0 0 0 0 0 0 0 0 0 1 0 1 0 1 0 0 0 0 1 0]
actions: 18
right_actions: 3
tag_actions: 14
recall: 0.166667
precision: 0.214286
f_measure: 0.187500

text_num: 2
pr:[1 0 0 0 1 0 0 0 0 0 0 0 0 0 0 0 0 0 0 0 0 0 0 0 1 0 0 0 1 0 0 0 0 0 0 0 1
 0 0 1 1 0 0 0 0 0 0 0 0 0 0 0 1 0 0 0 0 0 0 0 0 0 0 0 0 0 0 0 0 1 0 0 0 0
 0 1 0 0 0 0 1 0 0 0 0 0 1 0 0 0 1 0 0 0 0 0 0 1 0 0]
t_label:[1 0 0 0 0 0 0 0 0 0 0 0 1 0 1 0 1 0 1 0 0 1 0 0 0 0 0 1 0 0 1 0 0 0 0 1 0
 0 0 1 0 0 0 0 0 0 0 0 0 0 0 0 0 0 0 0 1 0 0 0 0 1 0 0 0 1 0 0 0 0 0 0 0 1
 0 1 0 0 0 1 0 1 0 1 0 0 0 0 1 0 1 0 0 1 0 1 0 0 0 0]
actions: 22
right_actions: 4
tag_actions: 14
recall: 0.181818
precision: 0.285714
f_measure: 0.222222

text_num: 3
pr:[1 0 0 0 1 0 0 0 0 0 0 0 0 0 0 0 0 0 0 0 0 0 0 0 1 0 0 0 1 0 0 0 0 0 0 0 1
 0 0 1 1 0 0 0 0 0 0 0 0 0 0 0 1 0 0 0 0 0 0 0 0 0 0 0 0 0 0 0 0 1 0 0 0 0
 0 1 0 0 0 0 1 0 0 0 0 0 1 0 0 0 1 0 0 0 0 0 0 1 0 0]
t_label:[1 0 0 1 0 0 0 0 0 0 0 0 0 0 0 0 0 0 0 0 0 0 0 0 1 0 0 0 1 0 0 0 0 0 0 0 0
 1 0 0 0 0 1 0 0 0 0 0 1 0 1 0 0 0 0 0 1 0 1 0 0 0 0 0 1 0 1 0 0 0 1 0 0 0
 0 0 1 0 0 0 0 0 0 0 0 0 0 0 0 0 0 0 0 0 1 0 0 0 0 0]
actions: 15
right_actions: 3
tag_actions: 14
recall: 0.200000
precision: 0.214286
f_measure: 0.206897

text_num: 4
pr:[1 0 0 0 1 0 0 0 0 0 0 0 0 0 0 0 0 0 0 0 0 0 0 0 1 0 0 0 1 0 0 0 0 0 0 0 1
 0 0 1 1 0 0 0 0 0 0 0 0 0 0 0 1 0 0 0 0 0 0 0 0 0 0 0 0 0 0 0 0 1 0 0 0 0
 0 1 0 0 0 0 1 0 0 0 0 0 1 0 0 0 1 0 0 0 0 0 0 1 0 0]
t_label:[1 0 0 0 0 1 0 0 0 1 0 0 0 0 0 0 0 1 0 0 0 0 0 0 0 1 0 0 0 0 1 0 1 0 1 0 0
 1 0 0 0 0 1 0 0 1 0 0 0 0 0 0 0 0 1 0 0 0 0 0 1 0 0 0 0 0 0 0 0 0 0 0 0 0
 0 1 0 1 0 1 0 0 1 0 0 0 0 0 1 0 0 0 1 0 0 0 0 0 0 0]
actions: 19
right_actions: 2
tag_actions: 14
recall: 0.105263
precision: 0.142857
f_measure: 0.121212

total_actions: 90
total_right_actions: 14
total_tag_actions: 70
total_recall: 0.155556
total_precision: 0.200000
total_f_measure: 0.175000


Time cost 236s