

classifier 0
acc:
0.535714285714
0.535714285714
0.535714285714


loss:
6.45750763587
7.48340143476
7.48340129852


val_acc:
0.535714294229
0.535714294229
0.535714294229


val_loss:
7.48340150288
7.48340150288
7.48340150288




classifier 1
acc:
0.995535714286
1.0
1.0


loss:
0.0394749045372
1.19209303762e-07
1.19209303762e-07


val_acc:
1.0
1.0
1.0


val_loss:
1.19209303762e-07
1.19209303762e-07
1.19209303762e-07




classifier 2
acc:
0.892857142857
0.892857142857
0.892857142857


loss:
1.50228726012
1.72693884373
1.7269388267


val_acc:
0.892857151372
0.892857151372
0.892857151372


val_loss:
1.72693877561
1.72693877561
1.72693877561




classifier 3
acc:
0.821428571429
0.964285714286
0.964285714286


loss:
0.732687490327
0.575646383422
0.575646383422


val_acc:
0.964285705771
0.964285705771
0.964285705771


val_loss:
0.575646374907
0.575646374907
0.575646374907




classifier 4
acc:
0.348214285714
0.285714285714
0.285714285714


loss:
9.83698960713
11.387418202
11.387418202


val_acc:
0.285714281457
0.285714281457
0.285714281457


val_loss:
11.3874183382
11.3874183382
11.3874183382




classifier 5
acc:
0.825892857143
0.857142857143
0.857142857143


loss:
1.82245423113
2.30258509091
2.30258509091


val_acc:
0.857142857143
0.857142857143
0.857142857143


val_loss:
2.30258505685
2.30258505685
2.30258505685




classifier 6
acc:
0.794642857143
0.857142857143
0.857142857143


loss:
1.90476685762
2.30258505685
2.30258509091


val_acc:
0.857142848628
0.857142848628
0.857142848628


val_loss:
2.30258502279
2.30258502279
2.30258502279




classifier 7
acc:
0.879464285714
0.892857142857
0.892857142857


loss:
1.50853909765
1.7269388267
1.72693884373


val_acc:
0.892857151372
0.892857151372
0.892857151372


val_loss:
1.72693877561
1.72693877561
1.72693877561




classifier 8
acc:
0.758928571429
0.857142857143
0.857142857143


loss:
1.9308461632
2.30258507388
2.30258507388


val_acc:
0.857142848628
0.857142848628
0.857142848628


val_loss:
2.30258502279
2.30258502279
2.30258502279




classifier 9
acc:
0.776785714286
0.785714285714
0.785714285714


loss:
3.03860432761
3.45387765339
3.45387758527


val_acc:
0.785714294229
0.785714294229
0.785714294229


val_loss:
3.45387761933
3.45387761933
3.45387761933




classifier 10
acc:
0.892857142857
0.892857142857
0.892857142857


loss:
1.50681895869
1.72693880967
1.7269388267


val_acc:
0.892857142857
0.892857142857
0.892857142857


val_loss:
1.72693879264
1.72693879264
1.72693879264




classifier 11
acc:
0.767857142857
0.892857142857
0.892857142857


loss:
1.88750788144
1.72693884373
1.72693884373


val_acc:
0.892857142857
0.892857142857
0.892857142857


val_loss:
1.72693879264
1.72693879264
1.72693879264




classifier 12
acc:
0.924107142857
0.928571428571
0.928571428571


loss:
1.07615246092
1.15129259654
1.15129257951


val_acc:
0.928571420056
0.928571420056
0.928571420056


val_loss:
1.151292571
1.151292571
1.151292571




classifier 13
acc:
0.758928571429
0.785714285714
0.785714285714


loss:
3.25695078714
3.45387755122
3.45387758527


val_acc:
0.785714294229
0.785714294229
0.785714294229


val_loss:
3.45387761933
3.45387761933
3.45387761933




classifier 14
acc:
0.714285714286
0.714285714286
0.714285714286


loss:
3.90597435406
4.60517014776
4.60517021588


val_acc:
0.714285714286
0.714285714286
0.714285714286


val_loss:
4.6051701137
4.6051701137
4.6051701137




classifier 15
acc:
0.754464285714
0.857142857143
0.857142857143


loss:
2.13783189229
2.30258505685
2.30258509091


val_acc:
0.857142857143
0.857142857143
0.857142857143


val_loss:
2.30258505685
2.30258505685
2.30258505685




classifier 16
acc:
0.633928571429
0.714285714286
0.714285714286


loss:
4.36038206305
4.60517014776
4.6051701137


val_acc:
0.714285705771
0.714285705771
0.714285705771


val_loss:
4.60517031806
4.60517031806
4.60517031806




classifier 17
acc:
0.892857142857
0.892857142857
0.892857142857


loss:
1.4311156358
1.72693886076
1.7269388267


val_acc:
0.892857142857
0.892857142857
0.892857142857


val_loss:
1.72693879264
1.72693879264
1.72693879264




classifier 18
acc:
0.794642857143
0.928571428571
0.928571428571


loss:
1.23763336454
1.15129261357
1.15129259654


val_acc:
0.928571437086
0.928571437086
0.928571437086


val_loss:
1.15129257951
1.15129257951
1.15129257951




classifier 19
acc:
0.321428571429
0.285714285714
0.285714285714


loss:
10.0852896827
11.387418202
11.387418202


val_acc:
0.285714281457
0.285714281457
0.285714281457


val_loss:
11.3874183382
11.3874183382
11.3874183382




classifier 20
acc:
0.745535714286
0.857142857143
0.857142857143


loss:
2.232149039
2.30258509091
2.30258507388


val_acc:
0.857142865658
0.857142865658
0.857142865658


val_loss:
2.30258503982
2.30258503982
2.30258503982




classifier 21
acc:
0.857142857143
0.857142857143
0.857142857143


loss:
1.88576357705
2.30258507388
2.30258505685


val_acc:
0.857142865658
0.857142865658
0.857142865658


val_loss:
2.30258503982
2.30258503982
2.30258503982




classifier 22
acc:
0.816964285714
0.857142857143
0.857142857143


loss:
2.03410834926
2.30258505685
2.30258509091


val_acc:
0.857142857143
0.857142857143
0.857142857143


val_loss:
2.30258505685
2.30258505685
2.30258505685




classifier 23
acc:
0.794642857143
0.892857142857
0.892857142857


loss:
1.59067598411
1.72693880967
1.72693884373


val_acc:
0.892857142857
0.892857142857
0.892857142857


val_loss:
1.72693879264
1.72693879264
1.72693879264




classifier 24
acc:
0.330357142857
0.25
0.25


loss:
10.265296621
11.9567890167
11.9567890167


val_acc:
0.249999997871
0.249999997871
0.249999997871


val_loss:
11.9567892892
11.9567892892
11.9567892892




classifier 25
acc:
0.196428571429
0.107142857143
0.107142857143


loss:
12.4602238876
14.2342722757
14.2342722757


val_acc:
0.107142857143
0.107142857143
0.107142857143


val_loss:
14.2342726844
14.2342726844
14.2342726844




classifier 26
acc:
0.651785714286
0.75
0.75


loss:
3.86091392381
4.02952391761
4.02952388355


val_acc:
0.75
0.75
0.75


val_loss:
4.02952384949
4.02952384949
4.02952384949




classifier 27
acc:
0.71875
0.857142857143
0.857142857143


loss:
2.42849772317
2.30258507388
2.30258507388


val_acc:
0.857142857143
0.857142857143
0.857142857143


val_loss:
2.30258505685
2.30258505685
2.30258505685




classifier 28
acc:
0.598214285714
0.678571428571
0.678571428571


loss:
4.8049439873
5.18081641197
5.18081644603


val_acc:
0.678571437086
0.678571437086
0.678571437086


val_loss:
5.18081630979
5.18081630979
5.18081630979




classifier 29
acc:
0.758928571429
0.857142857143
0.857142857143


loss:
2.1417210613
2.30258507388
2.30258507388


val_acc:
0.857142848628
0.857142848628
0.857142848628


val_loss:
2.30258509942
2.30258509942
2.30258509942




classifier 30
acc:
0.763392857143
0.785714285714
0.785714285714


loss:
3.11473218032
3.45387763636
3.45387758527


val_acc:
0.785714285714
0.785714285714
0.785714285714


val_loss:
3.45387758527
3.45387758527
3.45387758527




classifier 31
acc:
0.767857142857
0.857142857143
0.857142857143


loss:
2.06151662554
2.30258509091
2.30258507388


val_acc:
0.857142848628
0.857142848628
0.857142848628


val_loss:
2.30258502279
2.30258502279
2.30258502279




classifier 32
acc:
0.75
0.857142857143
0.857142857143


loss:
2.29959853206
2.30258507388
2.30258507388


val_acc:
0.857142848628
0.857142848628
0.857142848628


val_loss:
2.30258502279
2.30258502279
2.30258502279




classifier 33
acc:
0.758928571429
0.75
0.75


loss:
3.59643084662
4.02952388355
4.02952391761


val_acc:
0.749999991485
0.749999991485
0.749999991485


val_loss:
4.02952391761
4.02952391761
4.02952391761




classifier 34
acc:
0.821428571429
0.821428571429
0.821428571429


loss:
2.53107997349
2.87823132106
2.87823135512


val_acc:
0.821428579944
0.821428579944
0.821428579944


val_loss:
2.87823130403
2.87823130403
2.87823130403




classifier 35
acc:
0.785714285714
0.785714285714
0.785714285714


loss:
3.02179190091
3.45387765339
3.45387755122


val_acc:
0.785714294229
0.785714294229
0.785714294229


val_loss:
3.45387761933
3.45387761933
3.45387761933




classifier 36
acc:
0.875
0.892857142857
0.892857142857


loss:
1.37353312969
1.72693884373
1.72693884373


val_acc:
0.892857142857
0.892857142857
0.892857142857


val_loss:
1.72693886076
1.72693886076
1.72693886076




classifier 37
acc:
0.848214285714
0.928571428571
0.928571428571


loss:
0.980827936104
1.15129259654
1.15129261357


val_acc:
0.928571437086
0.928571437086
0.928571437086


val_loss:
1.15129257951
1.15129257951
1.15129257951




classifier 38
acc:
0.732142857143
0.821428571429
0.821428571429


loss:
2.62967535428
2.87823133809
2.87823135512


val_acc:
0.821428562914
0.821428562914
0.821428562914


val_loss:
2.878231287
2.878231287
2.878231287




classifier 39
acc:
0.602678571429
0.642857142857
0.642857142857


loss:
4.99439627784
5.75646264212
5.75646271024


val_acc:
0.642857151372
0.642857151372
0.642857151372


val_loss:
5.75646257401
5.75646257401
5.75646257401




classifier 40
acc:
0.785714285714
0.785714285714
0.785714285714


loss:
3.22532042435
3.45387755122
3.45387758527


val_acc:
0.785714294229
0.785714294229
0.785714294229


val_loss:
3.45387761933
3.45387761933
3.45387761933




classifier 41
acc:
0.928571428571
0.928571428571
0.928571428571


loss:
0.867008430617
1.1512926306
1.15129259654


val_acc:
0.928571437086
0.928571437086
0.928571437086


val_loss:
1.15129257951
1.15129257951
1.15129257951




classifier 42
acc:
0.821428571429
0.821428571429
0.821428571429


loss:
2.52417595897
2.87823133809
2.87823135512


val_acc:
0.821428579944
0.821428579944
0.821428579944


val_loss:
2.87823135512
2.87823135512
2.87823135512




classifier 43
acc:
0.767857142857
0.857142857143
0.857142857143


loss:
2.00916666644
2.30258507388
2.30258510794


val_acc:
0.857142857143
0.857142857143
0.857142857143


val_loss:
2.30258505685
2.30258505685
2.30258505685




classifier 44
acc:
0.741071428571
0.785714285714
0.785714285714


loss:
3.06562682561
3.45387758527
3.45387763636


val_acc:
0.785714285714
0.785714285714
0.785714285714


val_loss:
3.45387758527
3.45387758527
3.45387758527




classifier 45
acc:
0.348214285714
0.357142857143
0.357142857143


loss:
9.28919325556
10.2486765725
10.2486765725


val_acc:
0.357142852885
0.357142852885
0.357142852885


val_loss:
10.2486767088
10.2486767088
10.2486767088




classifier 46
acc:
0.723214285714
0.75
0.75


loss:
3.40605625936
4.02952395167
4.02952395167


val_acc:
0.749999991485
0.749999991485
0.749999991485


val_loss:
4.02952391761
4.02952391761
4.02952391761




classifier 47
acc:
0.428571428571
0.285714285714
0.285714285714


loss:
8.38271414382
11.387418202
11.387418202


val_acc:
0.285714285714
0.285714285714
0.285714285714


val_loss:
11.3874186107
11.3874186107
11.3874186107




classifier 48
acc:
0.928571428571
0.928571428571
0.928571428571


loss:
1.12557806287
1.15129259654
1.15129261357


val_acc:
0.928571420056
0.928571420056
0.928571420056


val_loss:
1.15129263912
1.15129263912
1.15129263912




classifier 49
acc:
0.669642857143
0.785714285714
0.785714285714


loss:
3.42258923394
3.45387761933
3.45387761933


val_acc:
0.785714285714
0.785714285714
0.785714285714


val_loss:
3.45387758527
3.45387758527
3.45387758527



double-click    1    0
the    0    0
modems    0    0
branch    0    0
to    0    1
expand    0    0
it    0    0
right-click    1    0
56000    0    0
bps    0    0
v90    0    0
modem    0    0
click    1    0
properties    0    0
and    0    0
then    0    0
click    1    0
the    0    0
modem    0    0
tab    0    1
change    1    0
the    0    0
maximum    0    0
port    0    0
speed    0    1
to    0    1
115200    0    0
and    0    0
then    0    0
click    1    0
ok    0    0
in    0    0
control    0    0
panel    0    0
double-click    1    0
phone    0    0
and    0    0
modem    0    0
options    0    0
click    1    0
modems    0    0
and    0    0
then    0    0
click    1    0
add    0    0
click    1    1
to    0    0
select    0    1
the    0    0
don't    0    0
click    1    0
internet    0    0
in    0    0
the    0    0
select    0    1
a    0    0
web    0    0
content    0    0
zone    0    0
to    0    0
specify    0    0
its    0    0
security    0    0
settings    0    0
section    0    0
and    0    0
then    0    0
click    1    0
custom    0    0
level    0    1
in    0    0
the    0    0
run    0    0
activex    0    0
scripts    0    1
and    0    1
plugins    0    0
section    0    0
click    1    0
disable    0    0
and    0    0
then    0    0
click    1    0
ok    0    0
click    1    0
start    0    0
point    1    0
to    0    0
search    0    0
and    0    0
then    0    0
click    1    0
for    0    0
files    0    0
and    0    0
folders    0    1
in    0    0
the    0    1
search    0    0
for    0    0
click    1    0
to    0    0
clear    0    0
the    0    0
negotiate    0    1
multi-link    0    0
for    0    0
single    0    0
link    0    0
connections    0    0
check    0    0
box    0    0
click    1    0
ok    0    0
click    1    0
ok    0    0
click    1    0
start    0    0
point    1    0
to    0    1
programs    0    0
point    1    0
to    0    0
administrative    0    0
tools    0    1
and    0    1
then    0    0
click    1    0
computer    0    0
management    0    0
double-click    1    0
local    0    0
users    0    0
and    0    0
groups    0    0
click    1    0
users    0    0
and    0    0
then    0    0
double-click    1    0
the    0    0
user    0    0
you    0    0
want    0    0
to    0    0
add    0    1
to    0    0
the    0    1
local    0    0
administrator    0    0
open    1    0
registry    0    0
editor    0    0
locate    1    0
the    0    1
following    0    0
key    0    0
in    0    0
the    0    0
registry    0    0
hkey_local_machine    0    0
system    0    0
currentcontrolset    0    0
services    0    0
afd    0    0
in    0    0
the    0    0
right    0    0
pane    0    0
of    0    1
the    0    0
registry    0    0
editor    0    0
window    0    0
double-click    1    1
the    0    1
value    0    0
start    0    0
type    1    0
2    0    0
in    0    0
the    0    0
value    0    0
data    0    0
box    0    0
and    0    0
then    0    0
click    1    0
ok    0    0
on    0    0
the    0    0
desktop    0    0
right-click    1    0
my    0    0
network    0    0
places    0    1
and    0    0
then    0    1
click    1    0
properties    0    0
open    1    0
the    0    0
internet    0    0
explorer    0    0
window    0    1
click    1    0
tools    0    0
and    0    0
then    0    0
click    1    0
internet    0    0
options    0    0
in    0    0
the    0    0
internet    0    0
options    0    0
window    0    0
click    1    0
the    0    0
general    0    1
tab    0    0
under    0    0
temporary    0    0
internet    0    0
files    0    1
click    1    1
delete    0    0
files    0    0
and    0    0
then    0    0
click    1    0
ok    0    0
click    1    0
start    0    0
point    1    0
to    0    0
settings    0    0
click    1    0
control    0    0
panel    0    0
and    0    0
then    0    0
double-click    1    0
scheduled    0    0
tasks    0    0
right-click    1    1
the    0    0
task    0    1
you    0    0
want    0    0

predicted results:


text_num: 0
pr:[0 0 0 0 1 0 0 0 0 0 0 0 0 0 0 0 0 0 0 1 0 0 0 0 1 1 0 0 0 0 0 0 0 0 0 0 0
 0 0 0 0 0 0 0 0 1 0 1 0 0]
t_label:[1 0 0 0 0 0 0 1 0 0 0 0 1 0 0 0 1 0 0 0 1 0 0 0 0 0 0 0 0 1 0 0 0 0 1 0 0
 0 0 1 0 0 0 1 0 1 0 0 0 0]
actions: 10
right_actions: 1
tag_actions: 6
recall: 0.100000
precision: 0.166667
f_measure: 0.125000

text_num: 1
pr:[0 0 0 0 1 0 0 0 0 0 0 0 0 0 0 0 0 0 0 1 0 0 0 0 1 1 0 0 0 0 0 0 0 0 0 0 0
 0 0 0 0 0 0 0 0 1 0 1 0 0]
t_label:[1 0 0 0 0 0 0 0 0 0 0 0 0 0 0 0 0 1 0 0 0 0 0 0 0 0 0 0 1 0 0 0 1 0 1 0 1
 0 0 0 0 1 0 0 0 0 0 0 0 0]
actions: 7
right_actions: 0
tag_actions: 6
recall: 0.000000
precision: 0.000000
f_measure: 0.000000

text_num: 2
pr:[0 0 0 0 1 0 0 0 0 0 0 0 0 0 0 0 0 0 0 1 0 0 0 0 1 1 0 0 0 0 0 0 0 0 0 0 0
 0 0 0 0 0 0 0 0 1 0 1 0 0]
t_label:[1 0 0 0 0 0 0 0 0 0 0 0 1 0 1 0 1 0 1 0 0 1 0 0 0 0 0 1 0 0 1 0 0 0 0 1 0
 0 0 1 0 0 0 0 0 0 0 0 0 0]
actions: 10
right_actions: 0
tag_actions: 6
recall: 0.000000
precision: 0.000000
f_measure: 0.000000

text_num: 3
pr:[0 0 0 0 1 0 0 0 0 0 0 0 0 0 0 0 0 0 0 1 0 0 0 0 1 1 0 0 0 0 0 0 0 0 0 0 0
 0 0 0 0 0 0 0 0 1 0 1 0 0]
t_label:[1 0 0 1 0 0 0 0 0 0 0 0 0 0 0 0 0 0 0 0 0 0 0 0 1 0 0 0 1 0 0 0 0 0 0 0 0
 1 0 0 0 0 1 0 0 0 0 0 1 0]
actions: 7
right_actions: 1
tag_actions: 6
recall: 0.142857
precision: 0.166667
f_measure: 0.153846

text_num: 4
pr:[0 0 0 0 1 0 0 0 0 0 0 0 0 0 0 0 0 0 0 1 0 0 0 0 1 1 0 0 0 0 0 0 0 0 0 0 0
 0 0 0 0 0 0 0 0 1 0 1 0 0]
t_label:[1 0 0 0 0 1 0 0 0 1 0 0 0 0 0 0 0 1 0 0 0 0 0 0 0 1 0 0 0 0 1 0 1 0 1 0 0
 1 0 0 0 0 1 0 0 1 0 0 0 0]
actions: 11
right_actions: 2
tag_actions: 6
recall: 0.181818
precision: 0.333333
f_measure: 0.235294

total_actions: 45
total_right_actions: 4
total_tag_actions: 30
total_recall: 0.088889
total_precision: 0.133333
total_f_measure: 0.106667


Time cost 143s